0.984811 -0.173629 -1.98603e-06 -8182.77 -0.0735871 -0.417371 -0.905752 72.7358 0.157264 0.891995 -0.423809 27.2949 
0.990463 -0.133624 0.033571 -8502.61 -0.0319487 -0.459774 -0.887461 25.3087 0.134021 0.877925 -0.459659 35.9783 
0.984818 -0.17359 1.43612e-05 -8162.78 -0.0660858 -0.374996 -0.924668 73.3926 0.160519 0.910628 -0.380775 27.8187 
0.98928 -0.142348 0.0325943 -8503.04 -0.0287317 -0.408566 -0.912276 29.0883 0.143178 0.90156 -0.408276 39.0511 
0.984806 -0.173657 -8.44029e-08 -8142.8 -0.0584804 -0.331642 -0.941591 74.3609 0.163514 0.927285 -0.336758 27.5852 
-6
0.984811 -0.173629 1.59806e-05 -8122.81 -0.0506906 -0.287602 -0.956408 75.0443 0.166064 0.94188 -0.292035 28.0826 
-6
0.984814 -0.173615 -4.94987e-08 -8102.83 -0.0428328 -0.242965 -0.969089 75.9166 0.168248 0.954372 -0.246712 28.4744 
-6
0.984812 -0.173626 3.59603e-06 -8082.74 -0.0348678 -0.197791 -0.979624 76.7261 0.170089 0.964745 -0.200841 28.7713 
-6
0.984822 -0.173565 -3.71345e-07 -8062.86 -0.026809 -0.152114 -0.987999 77.4416 0.171482 0.973004 -0.154459 29.3788 
0.986967 -0.157411 0.0334311 -8339.48 0.00396317 -0.183908 -0.982936 36.3906 0.160873 0.970258 -0.180887 46.4106 
0.984815 -0.173606 -1.1712e-05 -8042.78 -0.018718 -0.106115 -0.994178 78.2816 0.172594 0.979082 -0.107753 29.5884 
-6
0.984823 -0.173562 -6.28122e-06 -8022.79 -0.0105581 -0.0598724 -0.99815 79.1898 0.17324 0.983001 -0.0607962 29.9175 
0.986491 -0.16245 0.0211153 -8316.23 0.0114003 -0.0605042 -0.998103 47.1397 0.16342 0.98486 -0.0578348 52.637 
0.984815 -0.173604 -2.26457e-05 -8002.71 -0.00240736 -0.0135259 -0.999906 80.0304 0.173588 0.984723 -0.0137385 30.0715 
-6
0.984811 -0.17363 -1.12668e-05 -7982.73 0.00577944 0.0328452 -0.999444 80.7108 0.173534 0.984263 0.0333498 30.2485 
-6
0.984813 -0.173619 -8.62469e-06 -7962.75 0.0139484 0.0791687 -0.996764 81.5321 0.173058 0.981626 0.0803881 30.5979 
-6
0.984816 -0.173604 1.69233e-05 -7942.77 0.0221005 0.125274 -0.991876 82.2934 0.172192 0.976815 0.127209 30.8918 
-6
0.984816 -0.173604 -3.27666e-06 -7922.79 0.0301607 0.171114 -0.98479 83.1285 0.170964 0.969836 0.173751 31.2317 
-6
0.984817 -0.173596 -2.13794e-05 -7902.81 0.0381587 0.216595 -0.975515 83.9693 0.169351 0.960703 0.219931 31.5558 
-6
0.984816 -0.173603 -1.86646e-05 -7882.73 0.04609 0.261563 -0.964085 84.6711 0.167373 0.949446 0.265593 31.9308 
-6
0.984819 -0.173582 -2.61869e-05 -7862.75 0.0539081 0.305991 -0.950507 85.5325 0.164999 0.936076 0.310704 32.2509 
-6
0.984814 -0.173611 -1.09892e-05 -7842.87 0.0616434 0.349734 -0.934819 86.2388 0.162298 0.920622 0.355125 32.3691 
-6
0.984816 -0.173604 -9.27041e-06 -7822.8 0.0692177 0.392705 -0.917056 87.0895 0.159208 0.90313 0.398758 32.7402 
-6
0.984813 -0.173618 -8.81345e-06 -7802.82 0.076638 0.43476 -0.897279 87.8851 0.155788 0.883652 0.441463 32.9323 
-6
0.984813 -0.17362 -3.2825e-06 -7782.84 0.0838914 0.475867 -0.875507 88.6504 0.152007 0.86221 0.483206 33.3125 
-6
0.984815 -0.173607 9.20914e-06 -7762.87 0.0909661 0.515976 -0.851759 89.3661 0.147866 0.838826 0.523933 33.6421 
-6
0.984817 -0.173596 -1.44186e-05 -7742.79 0.0977996 0.55489 -0.826155 90.3101 0.143425 0.81361 0.563442 33.9777 
-6
0.984812 -0.173626 -2.28296e-05 -7722.72 0.104456 0.592584 -0.798707 91.1095 0.13869 0.786574 0.60172 34.0044 
0.98321 -0.181651 0.0173295 -7843.51 0.120759 0.57653 -0.808103 65.6429 0.136802 0.796628 0.588786 36.7517 
0.984814 -0.173611 -2.78765e-05 -7702.75 0.110855 0.628953 -0.7695 91.9939 0.133611 0.757811 0.638647 34.3345 
0.983436 -0.18078 0.0131055 -7751.81 0.121298 0.602681 -0.788709 66.7703 0.134684 0.777235 0.614627 27.1065 
0.98481 -0.173638 -1.06914e-05 -7682.87 0.117042 0.663866 -0.738636 92.8132 0.128262 0.727415 0.674104 34.6965 
-6
0.984812 -0.173627 -2.90795e-05 -7662.8 0.122935 0.697406 -0.706053 93.5299 0.12261 0.695326 0.708159 34.9122 
-6
0.984815 -0.173605 -5.65058e-08 -7642.83 0.128579 0.729394 -0.671901 94.3322 0.116646 0.661699 0.740641 35.4807 
-6
0.984815 -0.173608 -6.93468e-06 -7622.76 0.133924 0.759725 -0.636304 95.1447 0.110473 0.626641 0.771438 35.6893 
-6
0.984815 -0.17361 1.58833e-07 -7602.79 0.138996 0.788464 -0.59917 95.885 0.104022 0.590071 0.800622 35.9704 
-6
0.984814 -0.173613 1.05084e-05 -7582.72 0.143731 0.815276 -0.560951 96.6322 0.09738 0.552433 0.827849 36.2931 
0.982004 -0.188837 -0.00296657 -7593.93 0.158147 0.830793 -0.533641 63.1067 0.103236 0.523568 0.845706 22.3347 
0.984812 -0.173626 -2.64239e-06 -7562.75 0.14817 0.840432 -0.521267 97.475 0.0905079 0.513349 0.853394 36.5567 
0.983979 -0.178262 -0.00279071 -7584.24 0.153597 0.855572 -0.494372 68.8468 0.0905153 0.486023 0.869246 20.3875 
0.984813 -0.17362 -1.51117e-05 -7542.78 0.152254 0.863664 -0.480524 98.3153 0.0834417 0.473224 0.876981 36.7727 
-6
0.984815 -0.173608 2.31884e-05 -7522.81 0.156022 0.884999 -0.438673 99.1166 0.0761365 0.432016 0.898647 37.3133 
-6
0.984816 -0.173603 -1.29435e-05 -7502.84 0.159409 0.904326 -0.395958 99.9769 0.0687511 0.389944 0.918268 37.4251 
-6
0.984813 -0.173619 -2.5241e-06 -7482.87 0.162492 0.921704 -0.352218 100.67 0.061154 0.346868 0.935918 37.7857 
-6
0.984818 -0.173588 2.36803e-06 -7462.8 0.16516 0.936999 -0.307822 101.768 0.053432 0.303149 0.951444 38.1375 
-6
0.984815 -0.173606 2.44002e-05 -7442.74 0.167517 0.950237 -0.262654 102.417 0.0455753 0.25867 0.96489 38.53 
-6
0.984817 -0.173597 7.37094e-06 -7422.77 0.169466 0.961375 -0.216885 103.218 0.0376435 0.213593 0.976197 38.6505 
0.98366 -0.179673 -0.0114026 -7492.2 0.174137 0.965606 -0.193086 67.2681 0.0457028 0.187946 0.981115 19.4266 
0.984818 -0.17359 3.33068e-05 -7402.71 0.171048 0.970365 -0.170689 103.979 0.0295975 0.168103 0.985325 39.1966 
-6
0.984816 -0.173602 1.53105e-05 -7382.84 0.172261 0.977194 -0.124166 104.715 0.0215405 0.122283 0.992261 39.273 
-6
0.984815 -0.173608 4.20776e-05 -7362.78 0.173092 0.981868 -0.0772991 105.509 0.0133785 0.0761326 0.997008 39.7171 
-6
0.98481 -0.173637 4.27624e-05 -7342.82 0.173559 0.984359 -0.0302505 106.201 0.00521053 0.0297984 0.999542 39.8704 
0.983215 -0.182249 -0.00863043 -7476.35 0.181922 0.98286 -0.0298413 66.0376 0.0139211 0.0277704 0.999517 27.9468 
0.984806 -0.173657 4.5843e-05 -7322.75 0.173632 0.984667 0.0168112 106.788 -0.00296452 -0.0165478 0.999859 40.2385 
-6
0.984811 -0.17363 9.9973e-06 -7302.79 0.173275 0.9828 0.0638714 107.708 -0.0110998 -0.0628995 0.997958 40.4967 
-6
0.984811 -0.17363 2.27251e-05 -7282.73 0.172558 0.978745 0.110821 108.63 -0.0192641 -0.109134 0.99384 40.801 
-6
0.984811 -0.173631 6.76519e-06 -7262.77 0.171463 0.972521 0.157492 109.454 -0.0273522 -0.155099 0.98752 41.2466 
-6
0.984813 -0.17362 -2.67181e-05 -7242.71 0.169981 0.964137 0.20383 110.206 -0.0353633 -0.200739 0.979006 41.4291 
-6
0.984816 -0.173602 -3.72915e-05 -7222.75 0.168113 0.953626 0.249671 111.147 -0.0433078 -0.245887 0.968331 41.6783 
-4
0.984817 -0.173595 -3.01162e-05 -7202.8 0.165878 0.940986 0.295007 111.858 -0.0511834 -0.290533 0.955495 41.9878 
-6
0.984817 -0.173594 -1.92068e-05 -7182.74 0.16328 0.926271 0.339649 112.681 -0.0589431 -0.334495 0.940552 42.3731 
-6
0.984816 -0.1736 -1.72244e-05 -7162.78 0.160327 0.909484 0.383579 113.562 -0.0665737 -0.377758 0.923508 42.5266 
-6
0.984815 -0.173606 -5.02439e-06 -7142.73 0.157019 0.890708 0.426597 114.316 -0.0740554 -0.42012 0.904442 42.8661 
-6
0.984811 -0.17363 1.25615e-05 -7122.77 0.153372 0.869939 0.468704 115.059 -0.0813921 -0.461582 0.883356 43.3275 
-6
0.984814 -0.173612 -2.25273e-05 -7102.82 0.149367 0.847221 0.50981 115.846 -0.0884899 -0.502072 0.860287 43.3056 
0.982779 -0.183343 -0.0230233 -7288.1 0.170589 0.85233 0.494401 72.4723 -0.0710216 -0.489815 0.868929 24.1691 
0.984813 -0.173617 3.98666e-06 -7082.86 0.145025 0.822641 0.549754 116.554 -0.09545 -0.541404 0.835327 43.8621 
-6
0.984811 -0.17363 -5.3352e-07 -7062.81 0.140384 0.796242 0.588466 117.416 -0.102175 -0.579527 0.808522 44.0731 
-6
0.984816 -0.173602 -8.32507e-06 -7042.76 0.135405 0.768099 0.625851 118.297 -0.108643 -0.616349 0.779943 44.4326 
0.983155 -0.182458 -0.0106942 -7149.6 0.145602 0.74651 0.649248 95.5333 -0.110477 -0.639869 0.760502 56.1709 
0.984815 -0.17361 8.33784e-06 -7022.8 0.130133 0.738218 0.661891 119.141 -0.114917 -0.651839 0.7496 44.7688 
-6
0.984812 -0.173626 1.73666e-06 -7002.85 0.124589 0.70668 0.696478 119.853 -0.120928 -0.685899 0.717578 44.9106 
0.98328 -0.182076 -0.00310655 -7163.86 0.131088 0.69588 0.706093 108.536 -0.126401 -0.694694 0.708113 58.3529 
0.984815 -0.17361 -1.47633e-05 -6982.8 0.118761 0.67362 0.729474 120.655 -0.126634 -0.718398 0.684008 45.2449 
-6
0.984812 -0.173626 1.01708e-05 -6962.75 0.112662 0.639068 0.760854 121.546 -0.132111 -0.749297 0.648923 45.7082 
-6
0.98481 -0.173638 6.54009e-06 -6942.8 0.106329 0.603086 0.790558 122.277 -0.137275 -0.778548 0.612388 45.9474 
0.984281 -0.176578 -0.00326999 -7036.89 0.111193 0.605215 0.788258 115.481 -0.13721 -0.776231 0.615336 66.5997 
0.984816 -0.173601 4.70202e-06 -6922.86 0.0997229 0.565738 0.818532 123.109 -0.142101 -0.806104 0.57446 46.1318 
0.985448 -0.169967 0.00191828 -6984.69 0.0949596 0.559853 0.823132 116.445 -0.14098 -0.810972 0.567846 55.2285 
0.984811 -0.173632 2.14468e-05 -6902.81 0.0929245 0.527155 0.844673 123.766 -0.146674 -0.831841 0.535283 46.8917 
-6
0.98481 -0.173634 1.70552e-05 -6882.86 0.0859212 0.487409 0.868936 124.668 -0.150885 -0.855736 0.494924 46.8875 
-6
0.984806 -0.17366 1.34261e-05 -6862.82 0.0787339 0.44656 0.891283 125.533 -0.154786 -0.877739 0.453448 47.0991 
-6
0.984807 -0.17365 -7.63779e-07 -6842.77 0.0713746 0.404778 0.911625 126.265 -0.158303 -0.897775 0.411023 47.2848 
-6
0.984812 -0.173627 1.51221e-06 -6822.73 0.0638298 0.362051 0.92997 127.113 -0.161468 -0.915845 0.367635 47.5972 
0.983061 -0.183148 0.00690814 -6999.91 0.0670607 0.394521 0.916437 125.498 -0.170569 -0.90045 0.40012 52.1022 
0.984817 -0.173598 3.45793e-06 -6802.79 0.0561471 0.31854 0.946245 127.984 -0.164267 -0.931878 0.32345 47.7713 
-6
0.984812 -0.173624 -1.3315e-05 -6782.75 0.0483631 0.274247 0.960442 128.66 -0.166752 -0.945856 0.278479 48.1902 
0.983177 -0.182074 -0.0145741 -7158.61 0.0802574 0.358945 0.929902 100.032 -0.16408 -0.915427 0.367519 6.2768 
0.984816 -0.173604 -5.77888e-06 -6762.8 0.0404517 0.229441 0.972482 129.489 -0.168825 -0.957715 0.23298 48.5465 
0.984213 -0.176447 -0.0138527 -7103.69 0.0676248 0.302568 0.950726 104.987 -0.163561 -0.936653 0.309723 8.51027 
0.984815 -0.173608 -1.36737e-05 -6742.86 0.0324713 0.18412 0.982367 130.242 -0.170544 -0.96745 0.186962 48.655 
-6
0.984822 -0.173565 -6.55765e-06 -6722.92 0.0243914 0.138362 0.990081 131.108 -0.171842 -0.975055 0.140495 48.8156 
-6
0.984819 -0.173582 -8.62588e-06 -6702.89 0.0162799 0.0923145 0.995597 131.925 -0.172817 -0.980483 0.093739 48.8276 
0.984486 -0.175282 -0.00797455 -6975.7 0.0338959 0.145394 0.988793 109.677 -0.172158 -0.973723 0.14908 17.4738 
0.984824 -0.173555 -5.43624e-06 -6682.85 0.00812237 0.0460585 0.998906 132.732 -0.173365 -0.983747 0.0467692 49.1631 
-6
0.984809 -0.173639 6.90084e-06 -6662.81 -6.73501e-05 -0.00034224 1 133.563 -0.173639 -0.984809 -0.000348736 50.1648 
-6
0.984812 -0.173627 -1.24799e-05 -6642.77 -0.00822431 -0.0467201 0.998874 134.252 -0.173432 -0.983703 -0.0474385 50.4945 
0.986515 -0.161966 -0.023579 -6861.8 0.013336 -0.0640398 0.997858 99.5623 -0.163129 -0.984716 -0.0610162 15.4441 
0.98481 -0.173635 3.39096e-06 -6622.74 -0.0163999 -0.0929962 0.995531 135.111 -0.172859 -0.980409 -0.0944312 50.6423 
-6
0.984814 -0.173613 -5.38765e-06 -6602.8 -0.0245048 -0.139033 0.989984 135.881 -0.171875 -0.97495 -0.141176 50.9262 
0.986831 -0.160049 -0.023435 -6798.81 -0.00358724 -0.166497 0.986035 108.614 -0.161716 -0.972966 -0.164878 21.6728 
0.984816 -0.173604 -1.04182e-05 -6582.77 -0.0325669 -0.184804 0.982236 136.716 -0.170522 -0.967321 -0.187652 51.1542 
0.98775 -0.154498 -0.0218945 -6817.67 -0.0108852 -0.208192 0.978028 111.891 -0.155662 -0.965809 -0.207323 13.165 
0.984815 -0.173608 -2.51028e-05 -6562.84 -0.0405473 -0.23015 0.97231 137.472 -0.168807 -0.957544 -0.233694 51.4566 
-6
0.984813 -0.173621 -4.03541e-05 -6542.81 -0.0484482 -0.275031 0.960214 138.325 -0.166724 -0.945629 -0.279265 51.8066 
0.988879 -0.147984 -0.0147804 -6765.7 -0.0294337 -0.292162 0.955916 115.167 -0.145778 -0.94485 -0.293268 13.8537 
0.984814 -0.173612 -3.47922e-05 -6522.78 -0.056236 -0.319188 0.946021 139.048 -0.164252 -0.931653 -0.324104 52.2563 
-6
0.984813 -0.173621 -1.40366e-05 -6502.75 -0.0639232 -0.36266 0.929726 139.9 -0.161425 -0.915605 -0.368251 52.5635 
0.988988 -0.147064 -0.0165987 -6737.99 -0.0396745 -0.3715 0.927585 111.426 -0.142581 -0.916712 -0.373243 17.7039 
0.984813 -0.173616 -9.57302e-06 -6482.82 -0.0714574 -0.405383 0.91135 140.718 -0.158229 -0.897509 -0.411633 52.6748 
-6
0.984818 -0.173592 1.04624e-05 -6462.79 -0.0788208 -0.447111 0.890999 141.516 -0.154665 -0.877472 -0.454005 52.8779 
0.989428 -0.144172 -0.0156993 -6709.59 -0.0530299 -0.460427 0.886112 110.126 -0.134981 -0.875912 -0.463205 21.5242 
0.984816 -0.173602 7.83173e-06 -6442.86 -0.0860363 -0.488032 0.868575 142.311 -0.150782 -0.855387 -0.495558 53.2899 
-6
0.984812 -0.173623 -3.47598e-05 -6422.74 -0.0930156 -0.527767 0.844281 143.143 -0.146605 -0.831455 -0.535901 53.6329 
-6
0.984817 -0.173595 2.42246e-05 -6402.81 -0.0998329 -0.566245 0.818169 143.94 -0.142016 -0.805749 -0.574978 53.8927 
0.991008 -0.132946 0.0151462 -6713.26 -0.0893187 -0.572985 0.814684 133.654 -0.0996306 -0.808711 -0.579707 4.97075 
0.984812 -0.173627 1.9955e-05 -6382.79 -0.106422 -0.603533 0.790204 144.795 -0.137188 -0.778204 -0.612844 54.2299 
0.990592 -0.136145 0.013889 -6684.25 -0.0936756 -0.600576 0.794061 136.28 -0.0997661 -0.787891 -0.607679 8.65208 
0.984814 -0.173615 1.32342e-05 -6362.76 -0.112753 -0.639524 0.760457 145.506 -0.132018 -0.74891 -0.649388 54.4954 
0.989373 -0.143118 0.025641 -6660.52 -0.111023 -0.62976 0.768814 141.029 -0.0938838 -0.763491 -0.638958 10.7899 
0.98481 -0.173635 -1.38669e-05 -6342.74 -0.118853 -0.674159 0.728961 146.366 -0.126583 -0.717886 -0.684555 54.8726 
-6
0.984812 -0.173625 -1.45921e-05 -6322.72 -0.124673 -0.707212 0.695922 147.171 -0.12084 -0.68535 -0.718117 55.0408 
0.989534 -0.143808 0.0119157 -6576.43 -0.109912 -0.697632 0.707975 133.113 -0.0935 -0.701875 -0.706137 17.8061 
0.984815 -0.173605 1.55512e-05 -6302.8 -0.130217 -0.73863 0.661415 147.931 -0.114813 -0.651374 -0.75002 55.4032 
-6
0.984815 -0.173605 3.52808e-06 -6282.88 -0.135463 -0.768434 0.625428 148.669 -0.108574 -0.615931 -0.780282 55.7254 
0.989979 -0.141144 -0.00452775 -6451.66 -0.109241 -0.785743 0.60883 115.678 -0.0894903 -0.602234 -0.793288 18.9929 
0.984814 -0.173611 3.62454e-05 -6262.86 -0.140446 -0.796564 0.588015 149.512 -0.102057 -0.579091 -0.80885 55.9022 
0.989586 -0.143894 0.00376477 -6448.54 -0.119483 -0.806563 0.578947 122.855 -0.0802702 -0.573367 -0.815357 20.2636 
0.984811 -0.173628 -2.53524e-05 -6242.75 -0.145094 -0.823048 0.549127 150.351 -0.0953646 -0.540783 -0.835739 56.3596 
0.988937 -0.148026 0.00957455 -6424.49 -0.128891 -0.825568 0.549386 126.084 -0.0734189 -0.544542 -0.835514 23.1215 
0.984814 -0.173615 3.29276e-05 -6222.83 -0.149434 -0.847554 0.509237 151.273 -0.0883831 -0.501508 -0.860627 56.5665 
-6
0.984812 -0.173626 3.21177e-05 -6202.82 -0.153442 -0.87024 0.468122 152.055 -0.0812504 -0.461017 -0.883664 56.9078 
0.989878 -0.141896 -0.00246208 -6376.32 -0.125354 -0.882348 0.453594 118.315 -0.0665357 -0.448694 -0.891205 30.6883 
0.984815 -0.173609 3.26151e-05 -6182.8 -0.157073 -0.890932 0.426108 152.768 -0.0739472 -0.419642 -0.904672 57.148 
0.988845 -0.148946 0.00081272 -6362.85 -0.135531 -0.897496 0.419682 123.214 -0.0617805 -0.415111 -0.907671 31.5441 
0.984816 -0.173599 2.35398e-05 -6162.89 -0.160374 -0.909737 0.382961 153.419 -0.0664602 -0.37715 -0.923765 57.4071 
0.988263 -0.152758 -0.00140638 -6345.53 -0.141405 -0.918222 0.369964 124.196 -0.0578064 -0.365423 -0.929045 36.1493 
0.984815 -0.173607 2.36682e-05 -6142.78 -0.163333 -0.92649 0.339025 154.336 -0.0588351 -0.33388 -0.940777 57.719 
0.989337 -0.145619 0.00259516 -6316.38 -0.137932 -0.931094 0.337696 120.68 -0.0467588 -0.334454 -0.941251 31.0617 
0.984816 -0.173604 3.2433e-05 -6122.77 -0.165926 -0.941203 0.294288 155.136 -0.051059 -0.289824 -0.955717 57.9002 
0.989241 -0.146273 0.00261518 -6300.66 -0.140972 -0.948304 0.284335 121.414 -0.0391107 -0.281645 -0.958721 36.8865 
0.984816 -0.173604 3.05093e-05 -6102.76 -0.168143 -0.953794 0.249007 155.898 -0.0431994 -0.245231 -0.968502 58.4371 
0.988552 -0.150832 -0.00393067 -6282.07 -0.145568 -0.96026 0.238139 120.58 -0.0396934 -0.23484 -0.971223 39.2975 
0.984813 -0.173618 3.54493e-05 -6082.85 -0.170004 -0.964273 0.203168 156.641 -0.0352394 -0.200088 -0.979144 58.6366 
0.988278 -0.152665 -5.52941e-05 -6281.08 -0.149767 -0.96959 0.193561 127.461 -0.0296035 -0.191283 -0.981088 45.0697 
0.984813 -0.173617 6.08307e-06 -6062.85 -0.171469 -0.972625 0.156841 157.495 -0.0272244 -0.15446 -0.987624 59.117 
-6
0.984815 -0.173607 3.61693e-05 -6042.84 -0.172554 -0.978822 0.110146 158.289 -0.0190866 -0.108479 -0.993915 59.2305 
0.988981 -0.147947 0.00539221 -6247.23 -0.147515 -0.981705 0.120389 124.81 -0.0125177 -0.119858 -0.992712 45.2627 
0.984818 -0.173587 1.34291e-05 -6022.84 -0.173241 -0.982851 0.0631792 159.028 -0.0109539 -0.0622223 -0.998002 59.6891 
0.988894 -0.148606 0.0022735 -6225.02 -0.148374 -0.986229 0.0730637 128.86 -0.00861554 -0.0725896 -0.997325 49.6158 
0.984811 -0.173628 3.94875e-05 -6002.83 -0.173606 -0.984684 0.0160823 159.885 -0.00275344 -0.0158449 -0.999871 59.8398 
0.987733 -0.156148 0.00123174 -6210.11 -0.156133 -0.987447 0.0238943 131.641 -0.00251478 -0.0237935 -0.999714 51.203 
0.984812 -0.173623 3.74025e-05 -5982.83 -0.173539 -0.984342 -0.030897 160.719 0.00540124 0.0304212 -0.999523 60.1636 
0.988899 -0.148588 0.00104603 -6196.83 -0.148561 -0.988815 -0.0132354 131.35 0.00300095 0.0129331 -0.999912 53.8595 
0.984812 -0.173625 2.54152e-05 -5962.83 -0.173095 -0.981816 -0.0779511 161.528 0.0135592 0.0767627 -0.996957 60.5145 
0.988683 -0.149909 0.00568142 -6170.65 -0.149164 -0.986391 -0.0691598 131.083 0.0159718 0.0675297 -0.997589 53.5543 
0.984805 -0.173665 -1.82683e-05 -5942.83 -0.172309 -0.977103 -0.124816 162.699 0.0216583 0.122922 -0.99218 60.7657 
0.98811 -0.153742 0.00145734 -6135.6 -0.152634 -0.982039 -0.110912 133.694 0.0184829 0.109371 -0.993829 56.5608 
0.98481 -0.173634 -4.52452e-05 -5922.83 -0.171071 -0.970231 -0.171426 163.305 0.0297215 0.16883 -0.985197 61.1069 
0.98851 -0.151149 -0.00145324 -6102.03 -0.149318 -0.974947 -0.164869 131.828 0.023503 0.163192 -0.986314 57.6722 
0.984812 -0.173624 -3.93874e-05 -5902.84 -0.169472 -0.961214 -0.217595 163.985 0.0377419 0.214297 -0.976039 61.3218 
0.98881 -0.149042 -0.006416 -6086.94 -0.147092 -0.966903 -0.208475 135.189 0.0248677 0.207086 -0.978007 63.9527 
0.984814 -0.173613 -3.94998e-05 -5882.74 -0.167497 -0.950063 -0.263296 164.792 0.045674 0.259304 -0.964715 61.6652 
0.988214 -0.153056 0.00276572 -6045.7 -0.147119 -0.954567 -0.25915 133.641 0.0423045 0.255688 -0.965833 56.9359 
0.984812 -0.173623 7.43669e-06 -5862.85 -0.165159 -0.936818 -0.308375 165.511 0.0535479 0.30369 -0.951265 61.9005 
0.988735 -0.149674 0.000895575 -6026.35 -0.142174 -0.941026 -0.307014 133.361 0.0467947 0.303428 -0.951705 61.4351 
0.98481 -0.173635 -1.86917e-05 -5842.75 -0.16247 -0.921443 -0.352911 166.406 0.0612605 0.347553 -0.935657 62.351 
0.988508 -0.150919 0.00865475 -6002.39 -0.138598 -0.927685 -0.346685 134.292 0.0603504 0.341502 -0.937942 59.5418 
0.984814 -0.173612 -3.48536e-05 -5822.76 -0.159388 -0.904052 -0.396593 167.134 0.0688216 0.390576 -0.917995 62.625 
0.988609 -0.1505 -0.00148487 -5999.22 -0.138861 -0.908259 -0.394693 138.218 0.0580525 0.390403 -0.918812 70.0989 
0.984813 -0.173617 -3.33619e-05 -5802.77 -0.155977 -0.884667 -0.439358 168.011 0.0762506 0.43269 -0.898312 62.9962 
0.988168 -0.153378 4.34201e-05 -5976.86 -0.138018 -0.889332 -0.435935 140.469 0.0669014 0.430771 -0.899978 68.9653 
0.984816 -0.173603 1.09229e-05 -5782.88 -0.152186 -0.863348 -0.481112 168.68 0.0835321 0.473805 -0.876659 63.1337 
0.988216 -0.153057 0.00178251 -5949.38 -0.133193 -0.865588 -0.482718 140.839 0.0754263 0.476793 -0.875774 67.6876 
0.984814 -0.173611 -1.84417e-05 -5762.79 -0.1481 -0.840052 -0.5219 169.504 0.0905919 0.513977 -0.853007 63.5426 
0.987998 -0.154313 0.00693729 -5926.68 -0.129519 -0.852054 -0.507177 143.027 0.084175 0.500192 -0.861814 64.2198 
0.984808 -0.173647 -8.65801e-09 -5742.81 -0.143691 -0.814918 -0.561482 170.385 0.0974997 0.552951 -0.827489 63.8744 
0.987492 -0.157483 0.00760244 -5897.79 -0.127022 -0.823197 -0.553364 144.615 0.0934039 0.545477 -0.832905 63.1008 
0.984816 -0.173602 -2.52024e-05 -5722.82 -0.138928 -0.78803 -0.599757 171.212 0.104099 0.590653 -0.800182 64.2911 
0.987206 -0.158978 0.0122474 -5874.89 -0.121355 -0.798954 -0.589021 146.048 0.103427 0.579999 -0.808025 62.5257 
0.984811 -0.173632 1.80645e-05 -5702.74 -0.133864 -0.759318 -0.636802 172 0.110583 0.627127 -0.771027 64.3318 
0.987578 -0.156877 0.00894184 -5859.78 -0.116366 -0.768421 -0.629276 147.047 0.10559 0.620418 -0.777131 67.0766 
0.984804 -0.17367 3.0931e-05 -5682.76 -0.128535 -0.728986 -0.672352 172.797 0.11679 0.662131 -0.740231 64.5462 
0.987055 -0.160144 0.00879789 -5848.33 -0.113168 -0.734287 -0.669339 150.555 0.113651 0.659679 -0.742905 68.3871 
0.984814 -0.173611 -4.08852e-05 -5662.78 -0.122893 -0.696945 -0.706516 173.625 0.122631 0.695792 -0.707697 65.0219 
0.987559 -0.156906 0.0104027 -5817.35 -0.104894 -0.706595 -0.6998 147.883 0.117153 0.690003 -0.714263 67.988 
0.984815 -0.173607 -3.5239e-05 -5642.8 -0.11697 -0.663385 -0.73908 174.425 0.128286 0.727861 -0.673618 65.2733 
-6
0.984806 -0.173659 1.17267e-05 -5622.82 -0.110806 -0.628424 -0.769938 175.147 0.133714 0.758239 -0.638118 65.4947 
0.987462 -0.157425 0.0116844 -5763.09 -0.0919922 -0.634018 -0.767827 147.536 0.128283 0.757125 -0.640551 73.1683 
0.984812 -0.173624 -7.68955e-06 -5602.84 -0.104375 -0.591989 -0.799159 175.921 0.138748 0.787022 -0.60112 65.8491 
0.986876 -0.161213 0.00925822 -5752.35 -0.0911151 -0.603268 -0.792317 153.681 0.133317 0.781075 -0.610039 76.5877 
0.984813 -0.173619 -6.51781e-06 -5582.77 -0.0977234 -0.554282 -0.826572 176.724 0.143505 0.81402 -0.56283 66.2129 
0.987366 -0.158374 0.00510875 -5740.92 -0.0853013 -0.55842 -0.825161 156.07 0.133537 0.8143 -0.564874 81.2944 
0.984814 -0.173614 -3.8455e-06 -5562.8 -0.0908631 -0.515395 -0.852122 177.581 0.147939 0.839182 -0.523343 66.3917 
0.987407 -0.158033 0.0072397 -5715.65 -0.077629 -0.523894 -0.848239 158.198 0.137842 0.836995 -0.529564 81.2109 
0.984808 -0.173646 -4.37256e-06 -5542.83 -0.0838071 -0.475279 -0.875835 178.341 0.152083 0.86253 -0.482611 66.6512 
0.987297 -0.158752 0.00644959 -5705.36 -0.0724231 -0.485795 -0.871067 163.131 0.141417 0.859535 -0.491122 82.4105 
0.984823 -0.17356 2.94406e-06 -5522.76 -0.0765104 -0.434156 -0.897583 179.113 0.155785 0.88396 -0.440846 67.1549 
0.987233 -0.159199 0.00512846 -5680.78 -0.0670801 -0.444751 -0.893139 164.779 0.144468 0.881392 -0.449752 82.703 
0.984809 -0.173639 -2.46984e-05 -5502.88 -0.069133 -0.391964 -0.917379 179.824 0.159283 0.903446 -0.398014 67.6428 
0.987122 -0.159855 0.00612979 -5669.76 -0.0595287 -0.402623 -0.913428 166.467 0.148484 0.9013 -0.406954 85.1007 
0.984802 -0.173679 5.23427e-06 -5482.82 -0.0615633 -0.349107 -0.935058 180.748 0.162402 0.920847 -0.354494 67.5798 
0.986589 -0.162897 0.010284 -5638.7 -0.0503496 -0.363666 -0.930168 166.874 0.155262 0.917176 -0.366991 83.2271 
0.984808 -0.173648 1.02602e-05 -5462.85 -0.0538329 -0.305359 -0.950715 181.49 0.165093 0.936271 -0.310067 67.9548 
0.988022 -0.154149 0.00717889 -5632.75 -0.0424796 -0.316409 -0.947671 166.297 0.148354 0.936015 -0.319167 92.4848 
0.984813 -0.17362 1.50112e-05 -5442.79 -0.0459964 -0.260986 -0.964246 182.304 0.167416 0.949601 -0.265008 68.3245 
0.987605 -0.15675 0.00809029 -5612.62 -0.0352862 -0.271955 -0.961663 170.779 0.152941 0.949458 -0.274115 91.4714 
0.984811 -0.173628 -1.58709e-05 -5422.83 -0.0380752 -0.215872 -0.975679 183.121 0.169401 0.96086 -0.219205 68.6912 
0.988204 -0.152947 0.00779549 -5598.82 -0.0277868 -0.229126 -0.973 171.471 0.150603 0.961306 -0.230673 93.4197 
0.984814 -0.17361 1.62956e-06 -5402.87 -0.0300534 -0.170489 -0.984901 183.842 0.170989 0.969945 -0.173117 69.0308 
0.988211 -0.153092 0.00148511 -5578.59 -0.0257305 -0.175637 -0.984119 176.536 0.150922 0.972478 -0.177506 94.6394 
0.984818 -0.173592 -2.16336e-06 -5382.81 -0.0219621 -0.124583 -0.991966 184.645 0.172197 0.976906 -0.126504 69.4542 
0.988173 -0.153321 0.00244994 -5571.8 -0.0169522 -0.12511 -0.991998 178.933 0.1524 0.980225 -0.12623 96.1683 
0.984822 -0.17357 4.54008e-06 -5362.85 -0.0138203 -0.0784412 -0.996823 185.493 0.173019 0.981693 -0.0796493 69.7699 
0.988001 -0.154411 0.00342163 -5547.67 -0.0083444 -0.0754868 -0.997112 180.502 0.154224 0.985119 -0.0758695 98.2013 
0.98482 -0.173577 -3.7587e-06 -5342.7 -0.00566384 -0.0321132 -0.999468 186.279 0.173484 0.984297 -0.0326089 70.1163 
0.988174 -0.153179 0.0069754 -5515.21 0.0015027 -0.0358144 -0.999357 178.532 0.15333 0.987549 -0.0351606 101.625 
0.984812 -0.173622 -1.94978e-05 -5322.74 0.00248929 0.0142319 -0.999896 187.215 0.173604 0.984709 0.014448 70.1458 
0.988792 -0.148863 0.0114105 -5501.72 0.0117205 0.00120508 -0.999931 181.378 0.148839 0.988857 0.00293632 104.708 
0.984808 -0.173645 -4.14487e-06 -5302.79 0.0106792 0.0605899 -0.998106 187.856 0.173316 0.982943 0.0615238 70.2934 
0.98914 -0.146598 0.0105453 -5480.59 0.017132 0.0437406 -0.998896 182.976 0.145975 0.988229 0.0457771 104.502 
0.984811 -0.173628 -1.33138e-05 -5282.84 0.0188219 0.106833 -0.994099 188.659 0.172605 0.978999 0.108478 70.6891 
0.989001 -0.147682 0.0082111 -5470.95 0.022199 0.0933195 -0.995389 187.844 0.146235 0.984622 0.0955714 103.395 
0.984814 -0.173615 -1.54518e-08 -5262.79 0.0269335 0.152778 -0.987893 189.468 0.171513 0.972891 0.155134 71.137 
0.989071 -0.147166 0.00896386 -5440.72 0.0296878 0.139236 -0.989814 189.468 0.144419 0.979263 0.142084 107.256 
0.984812 -0.173624 -1.6301e-05 -5242.75 0.0349665 0.198425 -0.979492 190.218 0.170067 0.964615 0.201482 71.3869 
0.9889 -0.148445 0.00642363 -5427.73 0.0352506 0.192392 -0.980685 192.352 0.144342 0.970025 0.195489 104.085 
0.984819 -0.173586 -1.28502e-05 -5222.8 0.0429391 0.243681 -0.968904 191.078 0.168191 0.954195 0.247436 71.7324 
0.989419 -0.144967 0.00584624 -5411.13 0.0415233 0.244331 -0.968802 197.337 0.139016 0.958794 0.247765 109.803 
0.984817 -0.173594 -2.51934e-06 -5202.76 0.0508138 0.288285 -0.956195 191.774 0.165991 0.941678 0.292729 72.0772 
0.988797 -0.148724 0.0127096 -5367.54 0.0574351 0.300498 -0.952051 188.169 0.137774 0.942116 0.305674 110.143 
0.984817 -0.173597 -2.28917e-05 -5182.81 0.0585496 0.332276 -0.941363 192.637 0.163426 0.927069 0.337395 72.2964 
0.989148 -0.146269 0.0138391 -5342.31 0.0625471 0.333992 -0.940498 191.359 0.132944 0.931158 0.339516 111.514 
0.984815 -0.173607 -1.08695e-05 -5162.78 0.0661939 0.375554 -0.924433 193.428 0.160492 0.910395 0.381343 72.5299 
0.989556 -0.143769 0.0104283 -5331.75 0.0651999 0.381897 -0.921902 199.378 0.128559 0.912954 0.387282 114.69 
0.984817 -0.173598 -4.72e-06 -5142.84 0.073674 0.417975 -0.905466 194.291 0.157189 0.891718 0.424419 72.9839 
-6
0.984816 -0.173603 -6.09427e-06 -5122.8 0.0809936 0.459492 -0.884481 195.089 0.153551 0.871051 0.466576 73.1848 
0.98492 -0.172431 0.0141276 -5211.89 0.0930443 0.459079 -0.88351 178.047 0.145859 0.871501 0.4682 84.9836 
0.984817 -0.173598 -9.90657e-06 -5102.77 0.0881369 0.500049 -0.861501 195.841 0.149559 0.848419 0.507757 73.5493 
0.984952 -0.172505 0.0105884 -5193.07 0.0961149 0.49581 -0.863096 184.073 0.143638 0.851125 0.504929 85.926 
0.984815 -0.17361 -1.82093e-05 -5082.84 0.0950752 0.53941 -0.836659 196.732 0.145262 0.823952 0.547725 73.7475 
0.984997 -0.17232 0.00926287 -5189.59 0.100722 0.530491 -0.841686 188.821 0.140125 0.829991 0.539889 88.531 
0.984811 -0.173632 -2.1889e-05 -5062.82 0.101826 0.57764 -0.809916 197.509 0.14064 0.797611 0.586546 73.9615 
0.984759 -0.173781 0.00704772 -5191.56 0.105712 0.565875 -0.817686 195.167 0.13811 0.805968 0.575622 89.2441 
0.984815 -0.173609 -1.39883e-05 -5042.79 0.108323 0.614537 -0.781416 198.287 0.13567 0.769548 0.624011 74.3978 
0.985448 -0.169705 0.00965076 -5162.23 0.112811 0.610495 -0.783945 194.522 0.127147 0.773626 0.620755 86.9467 
0.984816 -0.173604 -9.24473e-06 -5022.76 0.114583 0.650046 -0.751206 199.101 0.130418 0.739799 0.660068 74.7146 
0.984824 -0.173409 0.00717033 -5145.62 0.118144 0.639557 -0.759611 196.181 0.127137 0.74893 0.650338 85.8793 
0.984813 -0.17362 2.28599e-05 -5002.74 0.120634 0.684169 -0.719277 199.96 0.124865 0.708356 0.694723 75.023 
-6
0.984815 -0.173607 4.25187e-06 -4982.82 0.126362 0.716792 -0.685742 200.704 0.119047 0.67533 0.727844 75.2716 
0.984827 -0.173409 0.00677616 -5084.56 0.128693 0.703566 -0.69888 198.229 0.116425 0.689148 0.715207 79.2937 
0.984814 -0.173611 2.91791e-06 -4962.8 0.131823 0.747763 -0.650748 201.525 0.112975 0.640867 0.759294 75.5683 
0.984339 -0.176277 0.00196328 -5052.09 0.132704 0.733603 -0.666495 198.066 0.116047 0.656317 0.745507 71.8453 
0.984815 -0.173605 -9.58205e-06 -4942.78 0.136979 0.77708 -0.614315 202.367 0.106656 0.604986 0.789061 75.8731 
0.984317 -0.176384 -0.00295588 -5015.97 0.135993 0.769373 -0.624157 199.938 0.112365 0.613966 0.781294 62.4171 
0.984818 -0.173591 3.79232e-05 -4922.77 0.141874 0.804755 -0.576404 203.145 0.100028 0.567658 0.817165 76.2804 
0.984389 -0.175997 -0.00164673 -4983.56 0.143233 0.806497 -0.573626 198.436 0.102285 0.564435 0.819116 69.0654 
0.984816 -0.173604 -7.10252e-06 -4902.76 0.146406 0.830552 -0.537354 204.01 0.0932924 0.529193 0.843357 76.38 
0.983757 -0.179184 -0.0106976 -4971.33 0.149635 0.851529 -0.502501 194.653 0.0991492 0.492738 0.864511 67.8029 
0.984816 -0.173603 3.63688e-06 -4882.85 0.150646 0.854576 -0.496996 204.779 0.0862768 0.48945 0.867753 76.7806 
0.983501 -0.180589 -0.0106751 -4943.28 0.155132 0.872276 -0.463756 196.73 0.0930607 0.454448 0.885899 72.4078 
0.984814 -0.173613 1.78745e-06 -4862.84 0.154548 0.876663 -0.455605 205.527 0.0790976 0.448686 0.890182 77.125 
-6
0.984815 -0.173607 -4.90981e-06 -4842.74 0.158094 0.896827 -0.413167 206.346 0.0717331 0.406893 0.910655 77.3506 
0.983716 -0.179148 -0.0144311 -4871.65 0.161189 0.914913 -0.370071 199.122 0.0795006 0.361719 0.928891 67.1371 
0.984816 -0.173603 -2.12173e-06 -4822.83 0.161292 0.914982 -0.369854 207.136 0.0642098 0.364237 0.92909 77.6863 
0.983135 -0.182352 -0.0139265 -4872.83 0.167326 0.927627 -0.333932 200.065 0.073812 0.32597 0.942494 71.2109 
0.984814 -0.173611 -1.40266e-05 -4802.83 0.164139 0.931108 -0.325724 208.003 0.0565624 0.320776 0.945465 77.8966 
0.983295 -0.181536 -0.0132354 -4847.49 0.169745 0.940816 -0.293347 201.006 0.0657052 0.2862 0.955914 69.5517 
0.984816 -0.173602 1.36829e-05 -4782.73 0.16662 0.945189 -0.280813 208.765 0.0487368 0.276552 0.959762 78.3623 
0.983211 -0.182138 -0.0110711 -4837.33 0.173459 0.951744 -0.253171 201.307 0.0566491 0.247 0.967358 71.8274 
0.984816 -0.173601 2.1647e-06 -4762.84 0.168726 0.957161 -0.235318 209.554 0.0408492 0.231745 0.971919 78.6294 
0.982988 -0.183162 -0.0136293 -4831.96 0.175795 0.959747 -0.21905 201.16 0.0532024 0.212927 0.975619 70.3412 
0.984816 -0.1736 1.04981e-06 -4742.84 0.170462 0.967009 -0.189306 210.318 0.0328625 0.186431 0.981918 78.8535 
0.982371 -0.186251 -0.0160434 -4807.44 0.181089 0.969415 -0.165656 202.159 0.0464062 0.15983 0.986053 69.4916 
0.984815 -0.173607 -1.01256e-05 -4722.76 0.171824 0.97471 -0.142888 211.13 0.0248163 0.140717 0.989739 79.0494 
0.983091 -0.182667 -0.0128104 -4789.04 0.179169 0.973993 -0.138694 202.286 0.037812 0.134053 0.990252 69.2632 
0.984814 -0.173614 1.03646e-05 -4702.67 0.172812 0.980259 -0.0960663 211.854 0.0166683 0.0946092 0.995375 79.5236 
0.983234 -0.181808 -0.0140496 -4770.06 0.17973 0.979239 -0.0937497 202.508 0.0308023 0.0896527 0.995497 68.6409 
0.984807 -0.173653 2.28207e-05 -4682.78 0.173445 0.98362 -0.0490807 212.366 0.00850054 0.0483389 0.998795 79.7603 
0.983455 -0.180758 -0.011913 -4734.19 0.180223 0.98295 -0.0364596 204.326 0.0183002 0.0337094 0.999264 69.9889 
0.984807 -0.17365 9.42986e-06 -4662.8 0.17365 0.984805 -0.00203492 213.284 0.000344077 0.00200564 0.999998 80.0293 
0.983873 -0.17835 -0.0136211 -4715.47 0.178418 0.983947 0.00388161 205.643 0.0127102 -0.00624926 0.9999 66.5136 
0.984812 -0.173624 1.19443e-05 -4642.82 0.173447 0.983813 0.0450311 214.177 -0.00783021 -0.0443451 0.998986 80.3064 
0.983616 -0.180121 -0.00748428 -4692.19 0.180276 0.982807 0.0398925 207.712 0.000170123 -0.0405882 0.999176 70.4693 
0.984815 -0.173606 1.56334e-05 -4622.74 0.172869 0.98064 0.0919909 215.078 -0.0159855 -0.0905914 0.99576 80.6652 
0.98408 -0.177315 -0.0120422 -4668.18 0.177636 0.979212 0.0979216 207.635 -0.00557119 -0.0985019 0.995121 67.471 
0.984815 -0.173607 1.78223e-06 -4602.76 0.171926 0.975282 0.138805 215.845 -0.0240992 -0.136696 0.99032 81.0266 
0.984552 -0.174295 -0.0166751 -4640.24 0.174742 0.972107 0.156442 207.491 -0.0110571 -0.156939 0.987546 65.7812 
0.984819 -0.173583 -4.44433e-05 -4582.79 0.170585 0.967765 0.185288 216.665 -0.0321198 -0.182483 0.982684 81.1791 
0.984992 -0.172086 -0.0133194 -4611.36 0.171341 0.965584 0.19568 207.322 -0.0208127 -0.195025 0.980577 64.4611 
0.984814 -0.173615 -2.08376e-05 -4562.83 0.16891 0.958099 0.231334 217.452 -0.0401431 -0.227825 0.972874 81.5306 
0.98384 -0.178781 -0.00982764 -4603.67 0.176117 0.956361 0.233145 211.763 -0.0322832 -0.231108 0.972392 71.5004 
0.98481 -0.173633 -4.69715e-06 -4542.76 0.166845 0.946302 0.276903 218.309 -0.048075 -0.272697 0.960898 81.9503 
0.984481 -0.174504 -0.0185874 -4551.36 0.172517 0.942941 0.284779 211.161 -0.0321683 -0.283567 0.958413 61.3356 
0.984816 -0.1736 -2.99445e-05 -4522.8 0.164374 0.932424 0.321819 219.085 -0.0558399 -0.316937 0.946801 82.116 
0.985185 -0.171089 -0.0117962 -4551.34 0.167375 0.944251 0.283507 218.24 -0.0373663 -0.281281 0.958898 58.3231 
0.984817 -0.173598 -2.28272e-05 -4502.74 0.161557 0.916459 0.366064 219.884 -0.0635272 -0.36051 0.93059 82.447 
0.985719 -0.167424 -0.0180681 -4505.88 0.162835 0.920323 0.355655 224.166 -0.0429168 -0.353518 0.934443 53.4744 
0.984812 -0.173623 6.92122e-06 -4482.78 0.158401 0.898489 0.409423 220.676 -0.0710914 -0.403204 0.912345 82.8002 
0.986259 -0.164479 -0.0154581 -4494.54 0.157281 0.90621 0.392486 224.895 -0.0505475 -0.389524 0.919628 51.0096 
0.98481 -0.173634 -2.43351e-06 -4462.73 0.154892 0.878502 0.451932 221.435 -0.0784688 -0.445067 0.892052 83.1277 
0.98623 -0.164672 -0.0152859 -4488.39 0.155667 0.893128 0.422007 229.018 -0.0558404 -0.418576 0.906463 48.8126 
0.984811 -0.17363 1.13982e-05 -4442.77 0.151013 0.856561 0.493456 222.23 -0.0856887 -0.485959 0.869771 83.3925 
0.986744 -0.160582 -0.023455 -4436.36 0.151575 0.860307 0.48672 227.455 -0.05798 -0.483823 0.873243 43.8079 
0.984809 -0.17364 2.13409e-05 -4422.72 0.14681 0.832708 0.533896 223.047 -0.0927232 -0.525782 0.84555 83.7437 
0.986476 -0.162704 -0.0198145 -4435.25 0.149173 0.841126 0.519861 227.492 -0.0679168 -0.515786 0.854021 46.2257 
0.984809 -0.173639 9.8057e-06 -4402.78 0.142288 0.807035 0.573104 223.848 -0.0995209 -0.564397 0.819483 83.9507 
0.987674 -0.154897 -0.0225112 -4389.52 0.139503 0.805896 0.575387 235.086 -0.0709839 -0.571435 0.817571 39.2731 
0.984811 -0.173631 1.92058e-05 -4382.84 0.137434 0.779575 0.611045 224.752 -0.106111 -0.601761 0.791596 84.2881 
0.987552 -0.156325 -0.0173975 -4377.55 0.134272 0.780255 0.610879 238.961 -0.081921 -0.605611 0.791533 45.7159 
0.984813 -0.173616 -3.53118e-06 -4362.8 0.132286 0.750362 0.647655 225.437 -0.112441 -0.63782 0.761933 84.6496 
0.987954 -0.15215 -0.028233 -4360.81 0.131926 0.732758 0.667578 236.032 -0.0808843 -0.663262 0.744004 38.0969 
0.984818 -0.173588 -1.87456e-05 -4342.86 0.12684 0.719528 0.682782 226.298 -0.118509 -0.672419 0.730622 84.6789 
0.987593 -0.155493 -0.0219346 -4358.04 0.127228 0.710432 0.69217 239.802 -0.0920448 -0.686373 0.721401 41.8032 
0.984805 -0.173661 2.51353e-05 -4322.73 0.12114 0.687073 0.716419 227.065 -0.124431 -0.70553 0.69767 85.3666 
0.987687 -0.153859 -0.0283157 -4331.51 0.124025 0.659765 0.741167 234.02 -0.0953539 -0.735553 0.670723 43.419 
0.984812 -0.173624 1.71954e-06 -4302.8 0.115138 0.653079 0.748486 227.839 -0.129956 -0.737118 0.663151 85.4901 
0.988081 -0.152221 -0.0228918 -4332.99 0.115054 0.631514 0.76678 242.312 -0.102264 -0.760275 0.641501 46.1649 
0.984816 -0.173599 2.14066e-06 -4282.77 0.10888 0.617677 0.778859 228.7 -0.135211 -0.767033 0.627199 85.7723 
0.988055 -0.152995 -0.0184289 -4326.64 0.107414 0.598015 0.794255 243.614 -0.110496 -0.786747 0.607306 49.3415 
0.984813 -0.173616 5.56183e-06 -4262.75 0.102398 0.580867 0.807532 229.478 -0.140204 -0.795268 0.589823 86.0594 
0.987898 -0.154044 -0.0180988 -4296.24 0.103031 0.564526 0.81896 243.691 -0.115938 -0.810914 0.573565 47.022 
0.984818 -0.17359 6.51677e-06 -4242.83 0.0956718 0.5428 0.834395 230.321 -0.144846 -0.821727 0.551167 86.3066 
0.987184 -0.158387 -0.0195331 -4265.6 0.101626 0.529548 0.842171 238.162 -0.123045 -0.833363 0.538857 50.8301 
0.98482 -0.17358 -4.8978e-07 -4222.82 0.0887462 0.503506 0.859422 231.128 -0.149178 -0.846376 0.511267 86.6211 
0.987088 -0.159533 -0.0143519 -4252.63 0.0937496 0.502754 0.859331 242.262 -0.129876 -0.849581 0.511219 46.8492 
0.984817 -0.173595 8.59974e-07 -4202.81 0.0816269 0.463079 0.88255 231.881 -0.153207 -0.869151 0.470218 86.8567 
0.989457 -0.144423 -0.0107988 -4261.13 0.0768444 0.460339 0.884411 253.414 -0.122759 -0.875917 0.466583 41.7026 
0.984802 -0.173681 -7.09782e-06 -4182.8 0.0743694 0.42165 0.903704 232.49 -0.156953 -0.88997 0.428158 87.4311 
0.988251 -0.152713 -0.00628964 -4254.14 0.0709559 0.421951 0.903838 251.326 -0.135374 -0.893664 0.427829 46.427 
0.984801 -0.173687 -8.11225e-06 -4162.8 0.0668936 0.379242 0.922876 233.485 -0.160288 -0.90885 0.385097 87.369 
0.987795 -0.155523 -0.00856508 -4233.14 0.0685148 0.384469 0.920592 249.034 -0.13988 -0.909943 0.390433 46.2104 
0.984826 -0.173544 -1.18853e-05 -4142.79 0.0592333 0.336072 0.939972 234.265 -0.163122 -0.925709 0.341252 87.7998 
0.989307 -0.145844 0.000493964 -4221.64 0.0507439 0.347383 0.936349 261.259 -0.136733 -0.926312 0.351069 39.6004 
0.984813 -0.17362 -4.92407e-06 -4122.8 0.0515024 0.292107 0.954998 235.083 -0.165805 -0.940494 0.296613 88.0672 
0.987765 -0.15592 -0.00320714 -4183.18 0.0507735 0.302074 0.951931 251.873 -0.147456 -0.940447 0.306295 50.255 
0.984824 -0.173556 -1.65203e-06 -4102.81 0.0436209 0.247513 0.967902 235.888 -0.167985 -0.953213 0.251327 88.2927 
0.98786 -0.155344 0.0009144 -4167.02 0.0394369 0.25647 0.965747 255.162 -0.150258 -0.953987 0.259483 49.6975 
0.984825 -0.173549 -9.74976e-06 -4082.82 0.0356668 0.202341 0.978665 236.693 -0.169844 -0.963815 0.205461 88.4485 
0.987724 -0.1559 0.00982203 -4111.67 0.0275009 0.235442 0.971499 262.464 -0.153769 -0.959303 0.236839 57.4544 
0.98483 -0.173523 -2.96458e-06 -4062.93 0.0276224 0.156754 0.987251 237.51 -0.17131 -0.972275 0.159169 88.5782 
0.987148 -0.159275 0.0130584 -4091.55 0.0192414 0.199575 0.979694 262.765 -0.158647 -0.966851 0.200075 61.1454 
0.984824 -0.173556 4.25783e-07 -4042.85 0.0195275 0.110809 0.99365 238.333 -0.172454 -0.97857 0.112516 89.0647 
0.987095 -0.159581 0.0132825 -4066.3 0.0125806 0.159972 0.987041 261.038 -0.159638 -0.974137 0.159915 60.5049 
0.984816 -0.173599 5.94626e-06 -4022.77 0.0113841 0.0646156 0.997845 239.105 -0.173225 -0.982694 0.0656108 89.5721 
0.987197 -0.158934 0.013465 -4049.02 0.00375163 0.107532 0.994195 262.731 -0.15946 -0.981416 0.106751 54.7603 
0.984806 -0.173657 1.75129e-05 -4002.8 0.00320848 0.0182961 0.999827 239.954 -0.173627 -0.984636 0.0185752 90.1729 
0.98642 -0.163789 0.0121917 -3997.93 -0.0048296 0.0452721 0.998963 259.167 -0.164171 -0.985456 0.0438662 65.1664 
0.984806 -0.173659 1.05061e-05 -3982.83 -0.00496609 -0.0281018 0.999593 240.727 -0.173588 -0.984405 -0.0285372 90.4303 
0.986528 -0.163266 0.0103592 -3993.8 -0.00920693 0.00781292 0.999927 258.44 -0.163335 -0.986551 0.00620448 60.8672 
