1 2.76825e-06 4.0085e-05 -7090.4 -4.01433e-05 0.11175 0.993736 290.998 -1.72858e-06 -0.993736 0.11175 93.0076 
0.999558 -0.0258787 0.0146349 -7300.12 -0.0124551 0.0824715 0.996516 316.889 -0.0269954 -0.996257 0.0821127 131.581 
1 -3.39702e-05 2.24109e-05 -7080.42 -2.09561e-05 0.0422376 0.999108 291.971 -3.48865e-05 -0.999108 0.0422376 93.5341 
0.999845 -0.0173316 0.0030275 -7325.52 -0.00246279 0.0325118 0.999468 309.294 -0.0174208 -0.999321 0.032464 127.496 
1 -1.8425e-05 -2.84368e-05 -7070.46 2.79186e-05 -0.0275408 0.999621 292.737 -1.92012e-05 -0.999621 -0.0275408 93.7432 
0.999827 -0.0169257 0.00770698 -7287.14 -0.00797117 -0.015597 0.999847 317.041 -0.0168029 -0.999735 -0.0157292 125.653 
1 1.20639e-05 -3.38973e-05 -7060.48 3.49104e-05 -0.0973104 0.995254 293.907 8.70812e-06 -0.995254 -0.0973104 93.9147 
-6
1 3.841e-06 -6.48395e-05 -7050.51 6.4574e-05 -0.166493 0.986043 294.742 -7.00795e-06 -0.986043 -0.166493 94.287 
0.999869 -0.0156088 -0.00437097 -7304.28 0.0022139 -0.135626 0.990758 310.194 -0.0160574 -0.990637 -0.135574 121.7 
1 -3.35716e-05 -1.70712e-05 -7040.51 8.71579e-06 -0.234683 0.972072 296.149 -3.66403e-05 -0.972072 -0.234683 94.8623 
-6
1 1.41079e-06 -1.60289e-05 -7030.45 1.57066e-05 -0.30197 0.953317 296.948 -3.49532e-06 -0.953317 -0.30197 94.9159 
-6
1 1.64487e-05 -1.7898e-05 -7020.48 2.26928e-05 -0.367752 0.929924 297.841 8.71407e-06 -0.929924 -0.367752 95.1569 
-6
1 -1.36599e-07 -7.80353e-06 -7010.6 6.98022e-06 -0.431629 0.902051 298.831 -3.49145e-06 -0.902051 -0.431629 95.575 
0.999431 -0.0136368 -0.030855 -7252.3 0.0211412 -0.459555 0.887898 290.713 -0.0262877 -0.888045 -0.459005 132.255 
1 -4.9948e-05 1.3814e-05 -7000.5 -3.66602e-05 -0.49341 0.869797 300.198 -3.66287e-05 -0.869797 -0.49341 96.2096 
-6
1 -9.47003e-05 6.7041e-05 -6990.5 -0.000108228 -0.553027 0.833163 301.675 -4.18253e-05 -0.833163 -0.553027 96.5298 
-6
1 2.55217e-06 -9.04518e-06 -6980.56 8.72543e-06 -0.60973 0.792609 301.864 -3.49225e-06 -0.792609 -0.60973 96.5901 
-6
1 8.34957e-07 -2.72454e-05 -6970.49 2.094e-05 -0.66343 0.748239 302.718 -1.74507e-05 -0.748239 -0.66343 96.9728 
0.999342 -0.0153507 -0.0328771 -7199.73 0.0140833 -0.670961 0.741359 300.784 -0.0334396 -0.741333 -0.670303 139.868 
1 -6.03613e-06 -1.36297e-05 -6960.51 5.23014e-06 -0.714143 0.7 303.809 -1.39588e-05 -0.7 -0.714143 97.2498 
-6
1 2.42528e-05 -9.2162e-06 -6950.43 2.44386e-05 -0.761233 0.648478 304.888 8.71177e-06 -0.648478 -0.761233 97.4641 
0.99966 -0.018825 -0.0180258 -7165.58 -0.00317531 -0.774422 0.632662 316.618 -0.0258695 -0.632389 -0.774219 135.201 
1 7.93903e-05 -2.17749e-05 -6940.45 7.68064e-05 -0.804573 0.593854 305.931 2.96267e-05 -0.593854 -0.804573 97.9233 
0.999639 -0.00938768 -0.0251671 -7200.81 0.00734194 -0.805769 0.592185 310.977 -0.0258381 -0.592156 -0.805409 142.241 
1 -3.76179e-05 1.5653e-05 -6930.46 -4.01459e-05 -0.844075 0.536225 307.168 -6.95929e-06 -0.536225 -0.844075 98.1607 
-6
1 9.78197e-06 -1.12543e-05 -6920.5 1.39608e-05 -0.879349 0.476177 307.772 -5.2385e-06 -0.476177 -0.879349 98.5319 
-6
1 3.37971e-05 -5.78851e-06 -6910.51 3.31637e-05 -0.910395 0.41374 309.029 8.71339e-06 -0.41374 -0.910395 99.0165 
-6
1 -2.04267e-05 1.71988e-07 -6900.54 -1.92015e-05 -0.937081 0.349112 310.024 -6.97005e-06 -0.349112 -0.937081 99.1613 
-6
1 8.48115e-06 1.02278e-05 -6890.47 5.24174e-06 -0.959161 0.28286 310.833 1.22091e-05 -0.28286 -0.959161 99.3221 
-6
1 4.69445e-05 2.13312e-06 -6880.49 4.5385e-05 -0.97656 0.215246 311.898 1.21877e-05 -0.215246 -0.97656 99.7716 
-6
1 -1.38811e-05 -1.02809e-05 -6870.52 -1.22226e-05 -0.98918 0.146705 312.755 -1.22061e-05 -0.146705 -0.98918 100.027 
-6
1 -9.25738e-07 1.0571e-05 -6860.44 -1.74039e-06 -0.997006 0.0773278 313.788 1.04677e-05 -0.0773278 -0.997006 100.267 
0.999743 0.0207618 -0.00910608 -7083.42 0.0210861 -0.999089 0.0370961 306.051 -0.0083276 -0.0372786 -0.99927 129.354 
1 2.6165e-05 -1.95597e-06 -6850.46 2.61793e-05 -0.99997 0.00773179 314.687 -1.75361e-06 -0.00773179 -0.99997 100.725 
-6
1 1.05596e-05 -1.09528e-06 -6840.58 1.04711e-05 -0.998064 -0.0621982 315.76 -1.74994e-06 0.0621982 -0.998064 100.968 
-6
1 -2.53966e-05 -2.09557e-05 -6830.49 -2.79341e-05 -0.991299 -0.131633 317.129 -1.74304e-05 0.131633 -0.991299 101.342 
0.999324 0.0183532 -0.0318644 -7087.15 0.0120827 -0.982313 -0.186856 325.013 -0.0347302 0.186345 -0.98187 157.321 
1 2.84411e-05 -8.44104e-06 -6820.53 2.61734e-05 -0.979726 -0.200342 317.801 -1.39679e-05 0.200342 -0.979726 101.612 
0.999306 0.00878352 -0.0361908 -7078.73 0.000637479 -0.975681 -0.219196 323.038 -0.037236 0.219021 -0.975009 155.4 
1 -2.62531e-05 -4.89376e-05 -6810.53 -3.84098e-05 -0.963407 -0.268044 319.026 -4.01098e-05 0.268044 -0.963407 102.193 
-6
1 3.12492e-06 -1.92515e-05 -6800.46 -3.50103e-06 -0.942286 -0.33481 319.961 -1.91867e-05 0.33481 -0.942286 102.336 
0.999365 0.0109715 -0.0338976 -7057.85 -0.00109266 -0.941522 -0.336951 325.397 -0.0356122 0.336774 -0.940912 154.858 
1 -1.4516e-06 -2.72686e-05 -6790.48 -1.22309e-05 -0.916628 -0.39974 320.935 -2.44149e-05 0.39974 -0.916628 102.632 
0.999621 0.00711525 -0.0266014 -6986.84 -0.0040408 -0.917679 -0.397302 324.789 -0.0272384 0.397259 -0.917302 142.308 
1 -2.37624e-05 -2.61557e-05 -6780.49 -3.31676e-05 -0.886527 -0.462677 322.133 -1.21934e-05 0.462677 -0.886527 102.957 
0.999571 0.00412915 -0.0289938 -6994.76 -0.010011 -0.882199 -0.47077 334.375 -0.0275221 0.470859 -0.881779 147.409 
1 -1.24899e-06 5.37328e-06 -6770.53 1.74825e-06 -0.852074 -0.523421 322.88 5.23218e-06 0.523421 -0.852074 103.185 
0.999606 0.00642116 -0.0273274 -7008.02 -0.00903499 -0.848095 -0.529767 336.5 -0.026578 0.529805 -0.847703 143.843 
1 -5.487e-06 -2.53528e-05 -6760.54 -1.92074e-05 -0.813517 -0.581541 323.986 -1.7434e-05 0.581541 -0.813517 103.696 
-6
1 8.05095e-07 -1.74285e-05 -6750.46 -1.04773e-05 -0.771047 -0.636778 324.936 -1.39509e-05 0.636778 -0.771047 104.025 
0.99983 0.00523912 -0.0176691 -7013.8 -0.00673324 -0.788618 -0.614846 346.238 -0.0171554 0.614861 -0.788449 139.419 
1 1.52136e-06 1.10691e-05 -6740.49 8.73054e-06 -0.724629 -0.689139 325.816 6.97253e-06 0.689139 -0.724629 104.145 
0.999976 0.000128446 -0.00689255 -7010.21 -0.00475702 -0.71078 -0.703398 347.267 -0.00498943 0.703414 -0.710762 135.533 
1 -7.93652e-06 1.19971e-05 -6730.5 3.49846e-06 -0.674792 -0.738008 326.984 1.39528e-05 0.738008 -0.674792 104.488 
-6
1 1.93327e-05 4.69884e-06 -6720.53 1.57035e-05 -0.621955 -0.783053 327.771 -1.2216e-05 0.783053 -0.621955 105.012 
0.999788 0.0154634 0.0136317 -6878.47 0.020048 -0.575475 -0.817573 309.916 -0.00479773 0.817673 -0.575663 139.629 
1 -4.94032e-06 -7.19358e-06 -6710.44 -8.72664e-06 -0.565629 -0.82466 329.034 5.1785e-09 0.82466 -0.565629 105.169 
0.999829 0.00445484 0.0179308 -6926.86 0.0176723 -0.513691 -0.857793 320.208 0.00538957 0.857964 -0.513682 134.305 
1 9.37012e-06 -1.15906e-05 -6700.56 -5.24451e-06 -0.506711 -0.862116 329.966 -1.39512e-05 0.862116 -0.506711 105.609 
-6
1 -1.62842e-05 -7.96332e-05 -6690.56 -7.85519e-05 -0.44537 -0.895346 331.462 -2.08863e-05 0.895346 -0.44537 105.978 
-6
1 7.7938e-06 5.53295e-05 -6680.52 5.41128e-05 -0.38186 -0.92422 331.689 1.3925e-05 0.92422 -0.38186 106.093 
-6
1 9.92059e-06 -8.8362e-06 -6670.52 -5.24216e-06 -0.316494 -0.948595 333.025 -1.22072e-05 0.948595 -0.316494 106.568 
-6
1 -1.15381e-05 3.90314e-05 -6660.55 3.49194e-05 -0.24945 -0.968388 333.887 2.09097e-05 0.968388 -0.24945 106.666 
-6
1 8.83559e-06 -6.73071e-05 -6650.53 -6.45903e-05 -0.181275 -0.983432 335.591 -2.08903e-05 0.983432 -0.181275 107.26 
-6
1 -1.11026e-05 2.58552e-05 -6640.59 2.44434e-05 -0.112405 -0.993662 335.974 1.39385e-05 0.993662 -0.112405 107.343 
-6
1 -1.58334e-05 3.73751e-05 -6630.51 3.66626e-05 -0.0428341 -0.999082 336.835 1.74198e-05 0.999082 -0.0428341 107.646 
-6
1 1.92756e-05 -6.93293e-05 -6620.5 -6.98244e-05 0.0269963 -0.999636 338.392 -1.7397e-05 0.999636 0.0269963 108.188 
0.999791 0.0201067 -0.0037589 -6859.26 -0.00420147 0.0220145 -0.999749 353.012 -0.0200189 0.999555 0.0220944 144.522 
1 2.88777e-05 -8.1379e-05 -6610.52 -8.37897e-05 0.0966789 -0.995316 339.289 -2.08748e-05 0.995316 0.0966789 108.524 
0.999862 0.0166313 -0.000385339 -6810.11 -0.00182008 0.0863389 -0.996264 348.754 -0.0165359 0.996127 0.0863573 145.114 
1 1.14847e-05 -1.57726e-05 -6600.46 -1.74583e-05 0.165787 -0.986162 339.877 -8.71085e-06 0.986162 0.165787 108.806 
-6
1 -1.71069e-05 2.64048e-05 -6590.49 2.9677e-05 0.234209 -0.972186 340.661 1.04469e-05 0.972186 0.234209 109.037 
0.999764 0.0133971 -0.0170846 -6806.55 -0.0196411 0.222778 -0.974671 360.254 -0.00925164 0.974777 0.222989 140.438 
1 4.02503e-06 -2.4352e-05 -6580.5 -2.44323e-05 0.301505 -0.953465 341.99 3.50451e-06 0.953465 0.301505 109.31 
0.999756 0.0218889 0.002996 -6738.02 -0.00361963 0.296059 -0.955163 346.019 -0.0217945 0.954919 0.296066 148.323 
1 -1.84437e-05 3.98702e-06 -6570.43 1.0481e-05 0.3672 -0.930142 342.748 1.56912e-05 0.930142 0.3672 109.6 
0.999746 0.0225446 -0.000470656 -6761.4 -0.00880138 0.370912 -0.928626 360.329 -0.020761 0.928394 0.371016 150.739 
1 -8.76366e-06 -9.98352e-06 -6560.54 -5.22789e-06 0.431268 -0.902224 343.884 1.22124e-05 0.902224 0.431268 109.915 
0.999835 0.0116518 0.0139123 -6729.64 0.00726275 0.445637 -0.895184 339.788 -0.0166304 0.895138 0.445479 150.029 
1 2.83511e-06 5.61464e-06 -6550.56 3.48746e-06 0.492955 -0.870055 344.802 -5.23447e-06 0.870055 0.492955 110.334 
0.999703 0.0150107 0.0191982 -6719.46 0.00895858 0.506262 -0.862333 339.806 -0.0226635 0.862249 0.505977 154.638 
1 -2.08147e-05 -3.31194e-06 -6540.48 8.73971e-06 0.552505 -0.83351 345.873 1.91791e-05 0.83351 0.552505 110.526 
0.999545 0.0159808 0.0255943 -6705.52 0.0115339 0.581459 -0.813494 340.445 -0.0278823 0.813419 0.58101 161.236 
1 -1.6703e-05 -4.01694e-06 -6530.5 6.99036e-06 0.609219 -0.793002 346.813 1.56927e-05 0.793002 0.609219 110.883 
0.999672 0.0155579 0.0203398 -6697.92 0.00637341 0.61813 -0.78605 346.399 -0.024802 0.785922 0.617828 157.773 
1 1.42188e-05 1.02494e-05 -6520.5 -1.75476e-06 0.663025 -0.748598 348.001 -1.74398e-05 0.748598 0.663025 111.43 
-6
1 -7.514e-06 1.22744e-05 -6510.43 1.39603e-05 0.713715 -0.700436 348.863 -3.49737e-06 0.700436 0.713715 111.586 
0.999163 0.0182442 0.0366212 -6649.66 0.01133 0.736691 -0.676135 345.943 -0.0393141 0.675984 0.735867 169.996 
1 -1.21389e-05 1.26612e-05 -6500.55 1.74524e-05 0.760735 -0.649063 349.854 -1.75288e-06 0.649063 0.760735 112.032 
-6
1 -2.03731e-05 1.94145e-05 -6490.57 2.79227e-05 0.804293 -0.594233 350.804 -3.50852e-06 0.594233 0.804293 112.257 
-6
1 -4.00105e-05 1.51589e-05 -6480.5 4.18931e-05 0.843617 -0.536946 351.682 8.69521e-06 0.536946 0.843617 112.525 
-6
1 -3.61071e-05 1.7628e-05 -6470.51 4.01438e-05 0.879059 -0.476714 352.631 1.71667e-06 0.476714 0.879059 112.886 
0.999569 -0.00227971 0.0292752 -6628.1 0.0165411 0.867464 -0.497225 352.896 -0.0242617 0.497495 0.867128 161.062 
1 4.49069e-05 -1.08912e-05 -6460.5 -4.53851e-05 0.9102 -0.414169 354.143 -8.68587e-06 0.414169 0.9102 113.231 
-6
1 -1.47123e-05 5.50361e-06 -6450.44 1.5708e-05 0.936874 -0.349668 354.865 -1.17887e-08 0.349668 0.936874 113.46 
0.999482 -0.00647855 0.0315247 -6588.44 0.0180132 0.924339 -0.381146 354.389 -0.0266702 0.381516 0.923977 158.481 
1 7.92964e-06 2.67528e-05 -6440.54 -2.23867e-08 0.958998 -0.283414 356.055 -2.79032e-05 0.283414 0.958998 113.97 
-6
1 2.48029e-05 -9.0759e-06 -6430.55 -2.61772e-05 0.976428 -0.215843 357.228 3.50844e-06 0.215843 0.976428 114.194 
-6
1 -5.66066e-05 -1.26891e-05 -6420.5 5.41187e-05 0.989083 -0.14736 357.68 2.08921e-05 0.14736 0.989083 114.4 
0.999592 -0.0185549 0.0217177 -6573.46 0.0212583 0.991059 -0.131716 357.318 -0.0190795 0.132124 0.99105 162.961 
1 5.06384e-05 2.04946e-05 -6410.48 -4.88884e-05 0.996962 -0.0778859 359.191 -2.43763e-05 0.0778859 0.996962 114.949 
-6
1 7.3473e-05 1.85244e-05 -6400.49 -7.33185e-05 0.999966 -0.00820374 360.34 -1.91265e-05 0.00820373 0.999966 115.254 
-6
1 3.87959e-05 2.33286e-05 -6390.41 -4.01568e-05 0.998108 0.0614832 361.217 -2.08992e-05 -0.0614832 0.998108 115.662 
0.999667 -0.00503207 0.0253103 -6566.48 0.00246634 0.994944 0.100398 379.31 -0.0256876 -0.100302 0.994625 171.227 
1 2.76004e-05 1.76971e-05 -6380.53 -2.96808e-05 0.991383 0.130993 362.147 -1.39291e-05 -0.130993 0.991383 115.981 
0.999674 -0.0100897 0.0234511 -6572.92 0.0063024 0.987691 0.15629 380.264 -0.0247394 -0.156091 0.987433 169.281 
1 -4.9178e-05 -3.84617e-05 -6370.58 5.58671e-05 0.979865 0.19966 362.638 2.78684e-05 -0.19966 0.979865 116.178 
-6
1 -1.45671e-05 6.82185e-06 -6360.49 1.22096e-05 0.963514 0.267658 363.83 -1.04719e-05 -0.267658 0.963514 116.493 
0.999749 -0.0104397 0.0198104 -6573.43 0.00413283 0.9555 0.294963 384.971 -0.0220082 -0.294807 0.955303 170.339 
1 -2.65101e-05 -2.97259e-05 -6350.51 3.4919e-05 0.942525 0.334137 364.642 1.91594e-05 -0.334137 0.942525 116.767 
-6
1 -8.51577e-06 -4.17237e-05 -6340.53 2.44632e-05 0.916871 0.399183 365.668 3.48559e-05 -0.399183 0.916871 116.906 
0.999852 -0.00212293 0.0170693 -6535.51 -0.00507513 0.911766 0.410679 394.846 -0.016435 -0.410705 0.91162 157.97 
1 1.56667e-05 -3.64493e-06 -6330.43 -1.22087e-05 0.886801 0.462151 367.046 1.04727e-05 -0.462151 0.886801 117.319 
0.999963 -0.00826135 -0.00256934 -6576.19 0.00849373 0.880932 0.473166 390.921 -0.00164558 -0.47317 0.880969 148.995 
1 -1.89469e-05 1.08905e-05 -6320.55 1.04576e-05 0.852449 0.52281 367.871 -1.91893e-05 -0.52281 0.852449 117.773 
-6
1 -3.44533e-06 1.82715e-06 -6310.57 1.74235e-06 0.813862 0.581058 368.93 -3.48899e-06 -0.581058 0.813862 117.958 
0.99989 -0.00951507 0.0113893 -6552.65 0.00132715 0.82168 0.569948 396.434 -0.0147815 -0.56987 0.821602 149.99 
1 -2.12322e-05 -1.67384e-06 -6300.48 1.74426e-05 0.771347 0.636414 369.838 -1.22213e-05 -0.636414 0.771347 118.362 
0.999946 -0.00407651 0.00953313 -6537.05 -0.00278042 0.780352 0.625334 400.838 -0.00998838 -0.625327 0.780299 144.873 
1 -8.13033e-06 1.87228e-05 -6290.49 -6.99838e-06 0.725087 0.688658 371.039 -1.91746e-05 -0.688658 0.725087 118.673 
0.999969 -0.00142286 0.00775666 -6547.55 -0.00419757 0.736644 0.676268 402.299 -0.00667613 -0.676279 0.736615 138.552 
1 -1.15828e-06 2.71135e-05 -6280.5 -1.92127e-05 0.675398 0.737454 372.128 -1.91666e-05 -0.737454 0.675398 119.11 
0.999889 -0.00371965 0.014397 -6520.56 -0.00806745 0.677623 0.735366 406.21 -0.0124911 -0.7354 0.677518 147.828 
1 -1.6153e-05 4.40966e-05 -6270.41 -2.44675e-05 0.62227 0.782803 373.087 -4.00846e-05 -0.782803 0.62227 119.465 
-6
1 1.07203e-05 3.71135e-05 -6260.53 -3.66628e-05 0.566105 0.824333 374.133 -1.2173e-05 -0.824333 0.566105 119.615 
0.999657 -0.0158212 0.0208755 -6436.64 -0.00806848 0.57223 0.820054 414.225 -0.0249198 -0.819941 0.571906 159.278 
1 6.25951e-06 4.49382e-05 -6250.54 -4.19022e-05 0.507283 0.861779 375.079 -1.74021e-05 -0.861779 0.507283 119.994 
0.999566 -0.0162561 0.0245839 -6417.77 -0.0122613 0.529154 0.848437 415.727 -0.026801 -0.84837 0.528725 156.802 
1 1.40281e-05 4.76174e-05 -6240.46 -4.88768e-05 0.445886 0.89509 376.137 -8.6755e-06 -0.89509 0.445886 120.281 
-6
1 1.67209e-05 4.03022e-05 -6230.47 -4.36332e-05 0.382377 0.924006 377.16 3.96003e-08 -0.924006 0.382377 120.557 
-6
1 7.78994e-06 3.42045e-05 -6220.49 -3.49097e-05 0.317023 0.948418 378.09 -3.4555e-06 -0.948418 0.317023 120.877 
0.999749 -0.0209796 0.00788877 -6381.5 -0.00103569 0.308346 0.951274 400.806 -0.0223898 -0.951043 0.308246 155.868 
1 -1.61172e-05 4.2043e-05 -6210.41 -3.6677e-05 0.25006 0.96823 379.006 -2.61184e-05 -0.96823 0.25006 121.287 
0.999744 -0.021417 -0.00727818 -6373.22 0.0124194 0.250794 0.967961 390.7 -0.0189055 -0.967803 0.250996 153.402 
1 8.16868e-06 -2.28228e-05 -6200.45 2.09537e-05 0.182098 0.98328 379.541 1.21881e-05 -0.98328 0.182098 121.448 
0.999735 -0.0226733 0.00394429 -6369.68 0.000345616 0.18616 0.982519 395.741 -0.0230112 -0.982258 0.186119 154.847 
1 3.0946e-06 5.76183e-05 -6190.43 -5.75992e-05 0.112926 0.993603 381.058 -3.43179e-06 -0.993603 0.112926 121.812 
0.999768 -0.0215501 -0.0002719 -6362.12 0.0027514 0.115112 0.993349 394.648 -0.0213754 -0.993119 0.115144 154.766 
1 4.21979e-06 -2.28988e-05 -6180.48 2.26935e-05 0.0435198 0.999053 381.636 5.21234e-06 -0.999053 0.0435198 122.141 
-6
1 -3.3738e-05 2.35831e-05 -6170.46 -2.44646e-05 -0.0263726 0.999652 383.026 -3.31043e-05 -0.999652 -0.0263726 122.613 
0.999883 -0.0145597 0.00462403 -6348.91 -0.00486153 -0.0163188 0.999855 404.552 -0.0144822 -0.999761 -0.0163877 149.174 
1 1.83672e-05 -4.55834e-05 -6160.47 4.71373e-05 -0.0960792 0.995374 384.166 1.39026e-05 -0.995374 -0.0960792 122.857 
-6
1 -4.8728e-05 6.0378e-06 -6150.6 -1.40037e-05 -0.165178 0.986264 384.91 -4.70613e-05 -0.986264 -0.165178 123.22 
0.999814 -0.0190852 0.00282761 -6327.54 -0.00584887 -0.160162 0.987073 412.499 -0.0183856 -0.986906 -0.160244 150.83 
1 -4.14353e-05 8.53519e-07 -6140.51 -1.05062e-05 -0.233528 0.97235 385.935 -4.00902e-05 -0.97235 -0.233528 123.551 
0.999848 -0.0167094 -0.00496025 -6359.96 0.000859263 -0.236981 0.971514 412.931 -0.0174089 -0.971371 -0.23693 145.783 
1 6.89866e-06 -1.61265e-05 -6130.52 1.74549e-05 -0.300839 0.953675 387.044 1.72758e-06 -0.953675 -0.300839 123.809 
0.99992 -0.0123212 0.00296793 -6341.27 -0.00659005 -0.30545 0.952185 414.517 -0.0108255 -0.952128 -0.305507 142.169 
1 -2.9446e-05 3.43033e-06 -6120.45 -1.39859e-05 -0.366581 0.930386 387.751 -2.61387e-05 -0.930386 -0.366581 124.098 
0.999947 -0.00551805 -0.00864739 -6335.94 0.00590097 -0.380115 0.92492 408.275 -0.00839076 -0.924923 -0.380062 140.369 
1 -2.89373e-05 -4.10743e-06 -6110.44 -8.7534e-06 -0.430604 0.902541 389.075 -2.78857e-05 -0.902541 -0.430604 124.486 
0.999936 -0.00498401 -0.0102041 -6340.11 0.0069533 -0.441714 0.897129 406.218 -0.00897858 -0.897142 -0.441651 138.727 
1 1.67664e-05 -2.26023e-05 -6100.55 2.79285e-05 -0.4925 0.870313 390.037 3.4604e-06 -0.870313 -0.4925 124.827 
-6
1 -5.01651e-05 3.79801e-05 -6090.48 -5.93627e-05 -0.552082 0.83379 390.926 -2.08591e-05 -0.83379 -0.552082 124.983 
-6
1 2.03937e-05 -1.51584e-05 -6080.49 2.44412e-05 -0.608803 0.793321 391.885 6.95026e-06 -0.793321 -0.608803 125.415 
0.999678 -0.0172301 -0.0186357 -6248.27 0.00389526 -0.621399 0.783484 402.24 -0.0250798 -0.783304 -0.621132 158.227 
1 -3.17984e-05 2.54738e-05 -6070.5 -4.01491e-05 -0.662633 0.748944 392.99 -6.93539e-06 -0.748944 -0.662633 125.647 
0.999747 -0.016518 -0.0152791 -6245.51 0.000216944 -0.671933 0.740612 406.11 -0.0225 -0.740428 -0.671759 155.997 
1 -5.43304e-05 7.01152e-06 -6060.51 -4.36656e-05 -0.713249 0.70091 394.009 -3.30798e-05 -0.70091 -0.713249 126.095 
0.999689 -0.0119011 -0.0219333 -6231.12 0.00648221 -0.724926 0.688796 403.206 -0.0240975 -0.688724 -0.724623 155.222 
1 -1.19343e-05 1.02134e-05 -6050.53 -1.5708e-05 -0.760451 0.649395 394.998 1.67235e-08 -0.649395 -0.760451 126.229 
0.99975 -0.00995662 -0.0200051 -6234.83 0.00546915 -0.758995 0.651073 404.155 -0.0216663 -0.65102 -0.758751 155.224 
1 2.76231e-05 -9.631e-06 -6040.53 2.79347e-05 -0.803919 0.594738 395.973 8.68597e-06 -0.594738 -0.803919 126.7 
0.999781 -0.00609853 -0.0200106 -6235.35 0.00704608 -0.802497 0.596615 405.169 -0.0196969 -0.596625 -0.802278 155.14 
1 1.49655e-05 -2.19654e-05 -6030.56 2.44246e-05 -0.843354 0.537359 396.707 -1.04828e-05 -0.537359 -0.843354 127.005 
0.999816 -0.0089779 -0.0169374 -6216.33 0.00167802 -0.83917 0.543866 411.876 -0.0190962 -0.543795 -0.839001 153.852 
1 -6.32221e-05 6.71471e-07 -6020.46 -5.58815e-05 -0.878825 0.477145 397.919 -2.9576e-05 -0.477145 -0.878825 127.323 
0.999719 -0.00385181 -0.0233856 -6211.7 0.00796773 -0.874656 0.484678 410.532 -0.0223213 -0.484728 -0.87438 154.309 
1 -1.44582e-05 -1.06418e-05 -6010.47 -8.74142e-06 -0.90991 0.414805 398.916 -1.56804e-05 -0.414805 -0.90991 127.714 
0.999943 0.00144934 -0.010576 -6239.84 0.00578805 -0.906072 0.423083 414.569 -0.00896941 -0.42312 -0.906029 141.275 
1 2.45348e-06 -8.36741e-06 -6000.58 5.22893e-06 -0.936648 0.350273 399.947 -6.97792e-06 -0.350273 -0.936648 128.027 
0.999949 0.000646152 -0.0100981 -6205.96 0.00417813 -0.935279 0.353886 412.161 -0.0092159 -0.35391 -0.935234 143.541 
1 -3.47172e-05 -1.87723e-05 -5990.5 -2.79525e-05 -0.958785 0.284134 400.908 -2.78629e-05 -0.284134 -0.958785 128.318 
-6
1 -1.66561e-05 5.49828e-06 -5980.5 -1.74513e-05 -0.976296 0.21644 402.07 1.76291e-06 -0.21644 -0.976296 128.514 
0.999972 0.00378939 -0.00638485 -6182.4 0.00496522 -0.980669 0.195611 415.457 -0.00552017 -0.195638 -0.980661 146.773 
1 -8.98049e-06 -1.27493e-05 -5970.52 -6.99469e-06 -0.988987 0.148 402.956 -1.3938e-05 -0.148 -0.988987 128.971 
0.999929 0.0108092 -0.00503745 -6193.94 0.0113685 -0.991592 0.128902 416.584 -0.00360177 -0.12895 -0.991645 146.599 
1 -7.08405e-05 -1.00802e-05 -5960.42 -6.98312e-05 -0.996917 0.0784599 404.067 -1.56072e-05 -0.0784599 -0.996917 129.155 
0.999646 0.0260208 0.00550786 -6126.84 0.025553 -0.997036 0.0725741 390.677 0.00737997 -0.0724077 -0.997348 133.743 
1 -2.99456e-05 -2.75932e-05 -5950.54 -2.96998e-05 -0.999961 0.00886758 404.926 -2.78577e-05 -0.00886758 -0.999961 129.677 
0.999787 0.0204898 0.00258312 -6132.16 0.0204907 -0.99979 -0.00030751 398.228 0.00257627 0.000360374 -0.999997 136.721 
1 -3.87146e-05 -2.50211e-05 -5940.56 -4.01694e-05 -0.998136 -0.06103 405.911 -2.26117e-05 0.06103 -0.998136 129.81 
0.999624 0.00462476 -0.0270199 -6108.7 0.00207062 -0.995589 -0.0938018 414.774 -0.0273346 0.0937106 -0.995224 165.836 
1 -5.59133e-05 -3.01415e-05 -5930.46 -5.93668e-05 -0.991459 -0.130421 407.026 -2.25917e-05 0.130421 -0.991459 130.067 
0.999778 0.007148 -0.0198171 -6094.96 0.00410632 -0.988757 -0.149478 415.925 -0.0206627 0.149363 -0.988566 162.408 
1 6.90813e-07 -3.41682e-06 -5920.48 -4.1369e-09 -0.979932 -0.199334 408.03 -3.48595e-06 0.199334 -0.979932 130.335 
-6
1 2.16509e-05 3.30924e-05 -5910.58 2.97003e-05 -0.9637 -0.266987 409.072 2.61106e-05 0.266987 -0.9637 130.737 
-6
1 -2.31615e-05 -3.40386e-05 -5900.49 -3.31906e-05 -0.942706 -0.333625 410.064 -2.43611e-05 0.333625 -0.942706 131.134 
0.999501 0.00924716 -0.030187 -6095.86 -0.00111217 -0.945239 -0.326378 422.13 -0.031552 0.326249 -0.944757 178.267 
1 -4.33684e-05 -4.91754e-05 -5890.51 -5.93757e-05 -0.917123 -0.398604 410.959 -2.7813e-05 0.398604 -0.917123 131.36 
0.999822 0.00239465 -0.0187269 -6062.14 -0.0054517 -0.913047 -0.407817 425.025 -0.0180751 0.407847 -0.912872 161.813 
1 1.19832e-05 -1.93083e-05 -5880.51 1.72043e-06 -0.887148 -0.461484 411.918 -2.26594e-05 0.461484 -0.887148 131.89 
-6
1 6.42524e-05 9.23513e-05 -5870.44 0.00010303 -0.85273 -0.522352 412.675 4.51884e-05 0.522352 -0.85273 131.972 
-6
1 -5.10176e-05 -4.26991e-05 -5860.53 -6.63289e-05 -0.814207 -0.580575 414.03 -5.14633e-06 0.580575 -0.814207 132.327 
0.999882 0.00107486 -0.0153091 -6063.87 -0.00791623 -0.818467 -0.574498 431.824 -0.0131475 0.574552 -0.818362 155.075 
1 -1.84552e-05 -4.90106e-05 -5850.55 -4.54123e-05 -0.771692 -0.635996 414.877 -2.60836e-05 0.635996 -0.771692 132.66 
-6
1 1.89456e-05 1.55291e-05 -5840.45 2.44325e-05 -0.725495 -0.688228 415.89 -1.77264e-06 0.688228 -0.725495 133.103 
0.999852 0.00882998 -0.014736 -6001.71 -0.0038699 -0.719973 -0.693991 429.063 -0.0167375 0.693946 -0.719833 163.102 
1 -2.43901e-05 -3.68453e-05 -5830.46 -4.3642e-05 -0.675693 -0.737183 417.041 -6.91622e-06 0.737183 -0.675693 133.294 
0.999952 0.00109245 -0.00978294 -6037.64 -0.00657678 -0.665316 -0.746533 434.037 -0.0073243 0.746561 -0.665277 153.748 
1 -1.93109e-05 -4.9345e-05 -5820.56 -5.0635e-05 -0.62272 -0.782445 418.071 -1.56184e-05 0.782445 -0.62272 133.632 
0.999982 -0.00584163 0.00159347 -6037.72 -0.00223457 -0.600615 -0.799535 434.835 0.00562765 0.799517 -0.600617 147.162 
1 -2.97247e-06 -4.31045e-06 -5810.47 -5.23598e-06 -0.566636 -0.823968 419.015 6.7625e-09 0.823968 -0.566636 133.943 
0.999975 -0.00540826 0.00445258 -6024.94 0.000669506 -0.558908 -0.829229 438.161 0.00697327 0.829212 -0.558891 149.807 
1 -2.48691e-05 -4.20681e-05 -5800.48 -4.88692e-05 -0.507749 -0.861505 420.007 6.48226e-08 0.861505 -0.507749 134.211 
-6
1 1.52157e-06 -3.58933e-05 -5790.5 -3.14381e-05 -0.446464 -0.894802 420.921 -1.73866e-05 0.894802 -0.446464 134.626 
0.99994 0.00599062 0.00916549 -5950.88 0.0108185 -0.411359 -0.911409 422.462 -0.0016896 0.911454 -0.411399 163.155 
1 1.47485e-05 -9.91691e-06 -5780.5 -3.51498e-06 -0.382846 -0.923812 421.995 -1.74215e-05 0.923812 -0.382846 134.946 
0.999886 0.00277535 0.0148317 -5946.2 0.0148918 -0.33997 -0.940318 420.209 0.00243264 0.940432 -0.339973 160.279 
1 5.564e-07 1.65427e-06 -5770.51 1.74533e-06 -0.317603 -0.948224 422.968 -2.19324e-09 0.948224 -0.317603 135.27 
0.999947 -0.000303311 0.0102784 -5918.26 0.00973164 -0.29497 -0.955457 417.958 0.00332163 0.955506 -0.294952 160.785 
1 3.37262e-05 -8.78506e-06 -5760.51 -4.49783e-08 -0.250821 -0.968033 423.979 -3.48516e-05 0.968033 -0.250821 135.717 
-6
1 1.87335e-05 5.37226e-06 -5750.63 8.70262e-06 -0.182597 -0.983188 424.877 -1.74376e-05 0.983188 -0.182597 135.96 
0.999974 -0.00500824 0.00517082 -5968.29 0.00422594 -0.173093 -0.984896 440.622 0.00582763 0.984893 -0.173068 156.951 
1 1.6708e-05 -7.20411e-06 -5740.52 -5.25787e-06 -0.11369 -0.993516 426.032 -1.74187e-05 0.993516 -0.11369 136.34 
0.999962 -0.00856178 0.00174528 -5960.64 0.000818391 -0.10709 -0.994249 446.13 0.00869945 0.994212 -0.107079 153.285 
1 1.83572e-05 2.01319e-05 -5730.53 2.09208e-05 -0.0440389 -0.99903 426.991 -1.74528e-05 0.99903 -0.0440389 136.652 
0.999966 0.000530451 0.00826723 -5917.27 0.00828386 -0.0545642 -0.998476 435.984 -7.85479e-05 0.99851 -0.0545667 155.915 
1 1.7249e-05 7.40495e-06 -5720.55 6.95882e-06 0.0257223 -0.999669 427.882 -1.74338e-05 0.999669 0.0257223 137.002 
-6
1 9.855e-07 -1.04255e-05 -5710.46 -1.0472e-05 0.0953246 -0.995446 428.807 1.27939e-08 0.995446 0.0953246 137.243 
0.99998 0.00419359 -0.00472657 -5904.64 -0.00509713 0.0932687 -0.995628 446.318 -0.00373441 0.995632 0.0932882 161.762 
1 2.26063e-05 -2.98702e-05 -5700.56 -3.31874e-05 0.164806 -0.986326 429.964 -1.73744e-05 0.986326 0.164806 137.558 
0.999957 0.00668104 -0.00642271 -5896.74 -0.00745004 0.167295 -0.985879 450.37 -0.00551221 0.985884 0.167338 163.117 
1 2.5438e-05 -3.16206e-05 -5690.56 -3.66735e-05 0.232782 -0.972529 430.967 -1.73785e-05 0.972529 0.232782 137.994 
0.999981 0.00471921 -0.00396207 -5884.98 -0.0049443 0.23079 -0.972991 448.453 -0.00367734 0.972992 0.230809 160.395 
1 7.82451e-06 -2.49833e-05 -5680.47 -2.61799e-05 0.300256 -0.953859 431.963 3.79249e-08 0.953859 0.300256 138.083 
0.999982 0.00586582 0.0012023 -5866.81 -0.00058098 0.294895 -0.955529 447.527 -0.00595952 0.955512 0.294894 161.756 
1 -3.18273e-06 8.12555e-06 -5670.48 8.72664e-06 0.365917 -0.930648 432.85 -1.12708e-08 0.930648 0.365917 138.554 
0.999859 0.0149766 -0.00756229 -5856.03 -0.0124932 0.363758 -0.93141 454.24 -0.0111985 0.931373 0.363894 165.391 
1 2.09787e-05 -3.56662e-06 -5660.49 -1.22425e-05 0.430085 -0.902788 433.904 -1.74054e-05 0.902788 0.430085 138.875 
0.999962 0.0084757 -0.00196353 -5851.77 -0.00538705 0.425971 -0.904721 453.114 -0.00683173 0.904697 0.426001 164.229 
1 2.20327e-05 -3.61538e-06 -5650.49 -1.39866e-05 0.491952 -0.870623 434.91 -1.74035e-05 0.870623 0.491952 139.194 
0.999997 0.00203081 -0.00107799 -5842.12 -0.00193841 0.492536 -0.87029 450.565 -0.00123644 0.87029 0.492539 161.463 
1 2.03099e-05 8.44683e-07 -5640.49 -1.0499e-05 0.55163 -0.834089 435.985 -1.74062e-05 0.834089 0.55163 139.495 
0.999921 0.0123685 -0.00225133 -5827.47 -0.00874747 0.555884 -0.831214 455.902 -0.00902939 0.831168 0.555948 168.647 
1 2.11917e-06 -2.77377e-06 -5630.5 -3.49065e-06 0.608249 -0.793746 436.956 5.05665e-09 0.793746 0.608249 139.803 
0.999918 0.00984631 0.00822291 -5797.05 0.000301282 0.622795 -0.782385 454.096 -0.0128248 0.782323 0.62274 172.796 
1 1.53799e-05 8.89755e-06 -5620.41 -3.51832e-06 0.66224 -0.749292 437.94 -1.74163e-05 0.749292 0.66224 140.085 
0.999859 0.0116411 0.0120947 -5778.08 0.00101742 0.67714 -0.735853 450.537 -0.016756 0.735762 0.677033 178.826 
1 1.09947e-05 1.36263e-05 -5610.51 1.72192e-06 0.712723 -0.701445 438.906 -1.74239e-05 0.701445 0.712723 140.568 
0.999802 0.00634803 0.0188642 -5761 0.00878832 0.709586 -0.704564 445.923 -0.0178584 0.70459 0.70939 179.99 
1 6.62391e-06 -5.68139e-06 -5600.51 -8.72664e-06 0.759975 -0.649952 440.024 1.24893e-08 0.649952 0.759975 140.777 
0.999846 0.0146319 0.00973346 -5740.56 -0.00487539 0.763078 -0.646288 453.409 -0.0168838 0.646141 0.763032 182.202 
1 3.1404e-05 -1.63422e-06 -5590.52 -2.62064e-05 0.803514 -0.595287 441.009 -1.73812e-05 0.595287 0.803514 141.071 
0.999848 0.0123336 0.0123523 -5739.66 -0.00262481 0.805827 -0.592146 455.766 -0.0172571 0.592023 0.805736 182.727 
1 -2.94006e-06 1.88169e-06 -5580.53 3.49065e-06 0.843054 -0.537829 441.861 -5.11757e-09 0.537829 0.843054 141.421 
-6
1 1.44727e-05 1.19479e-05 -5570.53 -7.00988e-06 0.8786 -0.477558 442.916 -1.74089e-05 0.477558 0.8786 141.774 
0.999891 0.00717606 0.0129203 -5716.56 -2.47734e-07 0.874219 -0.485531 459.066 -0.0147794 0.485478 0.874124 178.572 
1 -1.58654e-06 7.27378e-07 -5560.53 1.74533e-06 0.909715 -0.415233 443.975 -2.92433e-09 0.415233 0.909715 141.965 
0.999946 0.00595803 0.00847886 -5722.47 -0.00188731 0.909216 -0.41632 464.903 -0.0101896 0.416282 0.909178 176.499 
1 1.10378e-05 1.44579e-05 -5550.44 -5.26242e-06 0.936409 -0.350911 444.955 -1.74118e-05 0.350911 0.936409 142.427 
0.999989 -0.00168206 0.00434685 -5726.94 0.00309293 0.937162 -0.348881 467.782 -0.00348686 0.348891 0.937157 172.4 
1 1.83639e-05 1.26949e-05 -5540.54 -1.39921e-05 0.958656 -0.284569 446.008 -1.73958e-05 0.284569 0.958656 142.66 
0.999974 0.00475547 0.00548878 -5715.75 -0.00298376 0.958081 -0.286482 472.842 -0.00662105 0.286458 0.95807 172.968 
1 -8.51548e-06 1.90812e-06 -5530.55 8.72663e-06 0.976171 -0.217002 446.928 -1.47739e-08 0.217002 0.976171 142.953 
0.999899 -0.0109286 0.00909303 -5688.58 0.0124748 0.981223 -0.192471 460.388 -0.00681886 0.192565 0.981261 168.186 
1 8.88186e-07 1.74835e-05 -5520.45 1.71585e-06 0.98893 -0.14838 447.991 -1.74217e-05 0.14838 0.98893 143.315 
0.999912 -0.0103525 -0.00833019 -5718.61 0.00903549 0.989389 -0.145007 468.73 0.00974298 0.144919 0.989396 153.653 
1 1.91359e-05 -1.5504e-06 -5510.45 -1.91986e-05 0.996865 -0.0791203 448.969 3.14974e-08 0.0791203 0.996865 143.616 
0.999906 -0.00984498 -0.00949292 -5714.56 0.00909916 0.997094 -0.0756412 473.195 0.01021 0.0755477 0.99709 155.155 
1 1.04713e-05 -1.15874e-07 -5500.56 -1.0472e-05 0.999956 -0.00933738 449.928 1.80943e-08 0.00933738 0.999956 143.871 
0.999995 0.000606481 -0.00322372 -5699.77 -0.000608204 1 -0.000533349 481.76 0.00322339 0.000535307 0.999995 161.407 
1 -3.48464e-06 -2.04951e-07 -5490.46 3.49065e-06 0.998181 0.060282 450.825 -5.48311e-09 -0.060282 0.998181 144.393 
0.999981 0.00620245 -1.34492e-05 -5676.07 -0.00618407 0.99718 0.0747867 486.187 0.000477272 -0.0747852 0.9972 163.888 
1 6.92375e-06 8.94692e-07 -5480.45 -6.98131e-06 0.991538 0.129817 451.963 1.16973e-08 -0.129817 0.991538 144.708 
0.999988 -0.00203774 0.00438848 -5661.44 0.00140238 0.990122 0.140198 483.084 -0.00463082 -0.14019 0.990114 168.621 
1 1.19869e-05 -1.53566e-05 -5470.55 -8.69592e-06 0.980053 0.198736 452.992 1.74325e-05 -0.198736 0.980053 144.936 
0.999982 0.00419063 -0.00429104 -5666.78 -0.00319307 0.97757 0.210585 488.733 0.00507728 -0.210567 0.977566 163.927 
1 1.30286e-05 -1.44829e-05 -5460.46 -8.69562e-06 0.963803 0.266617 454.012 1.74323e-05 -0.266617 0.963803 145.113 
0.999963 0.00454778 -0.00724746 -5645.46 -0.00236696 0.961022 0.276462 488.565 0.00822226 -0.276435 0.960997 166.244 
1 2.05932e-05 -1.12248e-05 -5450.47 -1.56778e-05 0.942886 0.333117 454.945 1.74436e-05 -0.333117 0.942886 145.468 
0.999973 0.00283141 0.00672151 -5621.49 -0.00499858 0.937155 0.348876 488.33 -0.00531129 -0.348901 0.937145 171.8 
1 1.81209e-05 -1.11453e-05 -5440.56 -1.21851e-05 0.917317 0.398158 456.019 1.74387e-05 -0.398158 0.917317 145.865 
-6
1 -2.45513e-05 -3.23095e-05 -5430.56 3.66823e-05 0.887381 0.461037 456.962 1.73518e-05 -0.461037 0.887381 146.307 
0.999999 0.000170247 0.00122642 -5613.2 -0.000712493 0.889201 0.457517 487.494 -0.00101264 -0.457518 0.8892 170.859 
1 1.19237e-05 7.2651e-06 -5420.48 -1.39626e-05 0.853059 0.521814 457.916 2.43694e-08 -0.521814 0.853059 146.48 
0.999984 -0.0025611 0.00498641 -5607.77 -0.000367931 0.857625 0.514275 490.84 -0.00559358 -0.514269 0.857611 171.918 
1 7.22905e-06 -1.62238e-05 -5410.48 3.52258e-06 0.814561 0.580079 458.941 1.74087e-05 -0.580079 0.814561 146.718 
0.999813 3.1155e-05 0.0193473 -5587.3 -0.0111675 0.817524 0.575787 495.739 -0.0157989 -0.575895 0.817371 177.469 
1 1.72999e-05 3.67063e-05 -5400.58 -3.66841e-05 0.772102 0.635498 459.948 -1.7347e-05 -0.635498 0.772102 147.111 
0.999951 -0.00142694 0.00976079 -5573.8 -0.00503166 0.777303 0.629107 492.674 -0.00848479 -0.629125 0.777258 170.231 
1 -1.14226e-05 -1.07826e-05 -5390.47 1.57079e-05 0.725867 0.687835 460.981 -3.01571e-08 -0.687835 0.725867 147.442 
0.999947 0.00103711 0.0102043 -5560.77 -0.0077041 0.732732 0.680474 495.871 -0.00677131 -0.680516 0.732702 167.883 
1 -3.07465e-05 -3.33746e-05 -5380.48 4.53785e-05 0.676169 0.736747 461.933 -8.55365e-08 -0.736747 0.676169 147.831 
0.999986 0.00490917 -0.00175684 -5566.66 -0.00202527 0.676194 0.736721 493.801 0.00480465 -0.736708 0.676194 158.821 
1 -1.09016e-05 -1.36298e-05 -5370.58 1.74533e-05 0.623225 0.782043 462.921 -3.1071e-08 -0.782043 0.623225 148.159 
0.999998 -0.000296629 -0.00211295 -5546.09 0.00182934 0.628898 0.777485 494.04 0.00109821 -0.777487 0.628897 162.886 
1 1.53163e-05 -8.46635e-06 -5360.47 -1.71188e-06 0.567067 0.823672 464.049 1.74166e-05 -0.823672 0.567067 148.316 
0.999947 -0.00107053 0.0102166 -5540.04 -0.0077451 0.574772 0.818277 500.887 -0.0067482 -0.818313 0.574733 166.258 
1 4.44996e-06 7.50681e-06 -5350.48 -8.72663e-06 0.508395 0.861124 464.966 1.55355e-08 -0.861124 0.508395 148.72 
0.999921 -0.00266562 0.0122478 -5513.62 -0.0091154 0.51606 0.856504 502.712 -0.00860372 -0.856548 0.515995 167.491 
1 2.27097e-05 4.52339e-05 -5340.48 -5.06145e-05 0.446947 0.89456 465.967 9.80563e-08 -0.89456 0.446947 148.968 
0.999912 -0.00401513 0.0126054 -5502.16 -0.00948786 0.446371 0.894798 504.577 -0.0092194 -0.894839 0.446294 169.047 
1 5.98091e-06 -3.08675e-05 -5330.58 2.62148e-05 0.38344 0.923566 466.92 1.73596e-05 -0.923566 0.38344 149.396 
0.999864 -0.00578512 0.0154611 -5490.41 -0.0121007 0.380219 0.924817 502.407 -0.0112288 -0.924878 0.380097 169.331 
