1 4.13421e-06 1.16282e-05 -5505.82 1.22171e-05 -0.464935 -0.885345 -45.0332 1.74616e-06 0.885345 -0.464935 26.92 
0.999956 0.00893593 0.00294947 -5660.13 0.00647873 -0.426444 -0.904491 -63.945 -0.00682468 0.90447 -0.426483 57.7382 
1 -2.11224e-06 2.02425e-05 -5455.87 1.74516e-05 -0.422761 -0.906241 -45.5576 1.04719e-05 0.906241 -0.422761 27.2121 
0.999826 0.0165807 0.00859244 -5583.13 0.0142773 -0.382086 -0.924017 -69.9445 -0.0120378 0.923978 -0.382256 61.9747 
1 3.97535e-06 9.68808e-06 -5405.93 1.0472e-05 -0.379731 -0.925097 -46.0407 1.27939e-09 0.925097 -0.379731 27.5379 
0.999913 0.00974924 0.00892889 -5554.79 0.0118114 -0.355425 -0.93463 -67.7925 -0.00593838 0.934654 -0.355509 56.2275 
1 5.1582e-06 9.27899e-06 -5355.82 1.04722e-05 -0.335731 -0.941958 -46.5172 -1.74356e-06 0.941958 -0.335731 27.8043 
0.999962 0.00697006 0.00520962 -5497.11 0.0070748 -0.302629 -0.953082 -66.3587 -0.00506646 0.953083 -0.302667 57.7692 
1 -1.81579e-06 6.02463e-06 -5305.81 5.23556e-06 -0.290986 -0.956727 -47.0032 3.4903e-06 0.956727 -0.290986 28.1285 
-6
1 -1.56067e-05 1.65549e-05 -5255.82 1.22146e-05 -0.245612 -0.969368 -47.542 1.91947e-05 0.969368 -0.245612 28.347 
0.999944 0.0100607 0.00324651 -5392.94 0.00539601 -0.221655 -0.97511 -63.7448 -0.0090907 0.975073 -0.221697 59.5158 
1 -1.36145e-05 2.05839e-05 -5205.84 1.74512e-05 -0.199659 -0.979865 -48.0454 1.74502e-05 0.979865 -0.199659 28.6386 
0.999952 0.00977906 0.00104787 -5336.69 0.00284435 -0.185554 -0.98263 -62.0388 -0.00941476 0.982585 -0.185573 59.3201 
1 -1.32323e-05 2.85433e-05 -5155.87 2.61772e-05 -0.153314 -0.988178 -48.5456 1.7452e-05 0.988178 -0.153314 28.973 
0.999941 0.00990068 0.00456721 -5287.99 0.00601604 -0.151644 -0.988417 -64.9453 -0.00909341 0.988386 -0.151694 59.1037 
1 1.84632e-05 8.5554e-06 -5105.82 1.04744e-05 -0.106576 -0.994305 -48.9163 -1.74463e-05 0.994305 -0.106576 29.3857 
0.99994 0.0105375 0.00313551 -5244.53 0.00422192 -0.104714 -0.994493 -64.6983 -0.0101511 0.994447 -0.104752 58.5553 
1 1.24576e-06 2.09069e-05 -5055.79 2.0944e-05 -0.0596374 -0.99822 -49.4538 3.28987e-09 0.99822 -0.0596374 29.5827 
0.999958 0.00419241 0.00815409 -5203.97 0.00841309 -0.0660044 -0.997784 -67.0126 -0.00364491 0.997811 -0.0660369 53.5178 
1 6.57956e-08 5.23557e-06 -5005.96 5.23599e-06 -0.0127057 -0.999919 -49.9613 7.31082e-10 0.999919 -0.0127057 29.9243 
-6
1 -1.20604e-07 3.48857e-06 -4955.86 3.49066e-06 0.0344111 -0.999408 -50.5332 4.87388e-10 0.999408 0.0344111 30.1981 
0.999968 0.00470751 0.00640381 -5095.4 0.0062981 0.0221374 -0.999735 -62.4903 -0.00484803 0.999744 0.022107 54.4928 
1 5.6961e-07 -6.95804e-06 -4905.86 -6.98132e-06 0.0814167 -0.99668 -51.0276 -1.21847e-09 0.99668 0.0814167 30.5611 
0.999871 -0.0159837 0.00182052 -5086.25 0.00313111 0.0823577 -0.996598 -64.7088 0.0157794 0.996475 0.0823971 37.2623 
1 1.12093e-06 -8.65436e-06 -4855.89 -8.72665e-06 0.128294 -0.991736 -51.5055 -1.37078e-09 0.991736 0.128294 30.8787 
0.999979 -0.0058385 -0.0027893 -5029.91 -0.00198149 0.134052 -0.990972 -62.4707 0.0061597 0.990957 0.134038 41.3393 
1 3.05473e-07 -1.71839e-06 -4805.84 -1.74533e-06 0.174851 -0.984595 -52.0385 -3.04617e-10 0.984595 0.174851 31.1428 
0.999907 -0.0134711 -0.0020734 -4984.42 0.000348829 0.177366 -0.984145 -64.7579 0.0136253 0.984053 0.177354 35.6225 
1 7.72162e-07 -3.40418e-06 -4755.81 -3.49066e-06 0.221038 -0.975265 -52.479 -6.09235e-10 0.975265 0.221038 31.4575 
-6
1 1.3975e-06 -5.04605e-06 -4705.89 -5.23599e-06 0.266717 -0.963775 -52.9705 -1.00524e-09 0.963775 0.266717 31.7357 
0.999888 0.00700172 0.013197 -4800.34 0.0108069 0.27093 -0.962538 -75.581 -0.0103149 0.962573 0.270824 61.4989 
1 -3.26729e-06 9.94923e-06 -4655.89 1.0472e-05 0.311854 -0.95013 -53.5256 1.64493e-09 0.95013 0.311854 32.0451 
0.999994 -0.00330052 0.00048675 -4801.82 0.00150435 0.315863 -0.948804 -65.0528 0.0029778 0.948799 0.315866 45.6439 
1 -5.5985e-06 1.46764e-05 -4605.82 1.5708e-05 0.356249 -0.934391 -54.0101 2.74156e-09 0.934391 0.356249 32.3503 
0.999993 0.000631047 0.00357409 -4741.09 0.00309458 0.366274 -0.930502 -66.0952 -0.00189629 0.930507 0.36627 56.5271 
1 1.04036e-05 1.97756e-05 -4555.86 1.39657e-05 0.39987 -0.916572 -54.4973 -1.74433e-05 0.916572 0.39987 32.7041 
0.999974 -0.00644543 -0.00310036 -4694.56 -0.000340777 0.390048 -0.920794 -63.2369 0.0071442 0.920772 0.390036 49.2843 
1 1.02363e-05 1.86769e-05 -4505.82 1.22206e-05 0.44243 -0.896803 -54.9717 -1.74431e-05 0.896803 0.44243 33.0317 
0.999994 -0.00139907 0.00331688 -4637.5 0.003593 0.44481 -0.895618 -65.75 -0.000222351 0.895624 0.444812 56.5459 
1 9.34489e-06 1.91382e-05 -4455.91 1.22216e-05 0.484138 -0.874991 -55.4677 -1.74423e-05 0.874991 0.484138 33.2936 
0.999994 -0.00337429 -0.000973946 -4588.86 0.000781046 0.48404 -0.875046 -65.0199 0.00342408 0.875039 0.48404 52.6848 
1 2.93472e-06 2.84696e-05 -4405.82 2.26935e-05 0.524819 -0.851214 -55.9679 -1.74395e-05 0.851214 0.524819 33.5987 
0.999938 -0.00990739 -0.00505986 -4544.27 0.000870637 0.523131 -0.852252 -66.3418 0.0110906 0.852195 0.523107 48.6586 
1 2.9559e-06 -4.32183e-06 -4355.86 -5.23599e-06 0.564333 -0.825547 -56.4107 -1.27939e-09 0.825547 0.564333 33.9024 
0.999938 -0.00961809 -0.00559971 -4500.97 0.000663876 0.553795 -0.832653 -65.4471 0.0111096 0.832598 0.553767 44.5357 
1 -2.08167e-17 1.04083e-17 -4305.91 6.93889e-18 0.602595 -0.798047 -56.9066 -5.54298e-18 0.798047 0.602595 34.1755 
0.999939 -0.00954787 -0.00558513 -4431.06 0.001195 0.595209 -0.80357 -65.3886 0.0109967 0.803514 0.595184 47.8096 
1 1.22914e-05 1.25007e-05 -4255.8 1.7502e-06 0.639493 -0.768797 -57.4023 -1.74437e-05 0.768797 0.639493 34.5355 
0.99994 -0.0108958 -0.0011359 -4363.76 0.00609825 0.639778 -0.768536 -69.5448 0.0091005 0.768483 0.639806 47.3063 
1 -2.45273e-06 2.85145e-05 -4205.81 2.26944e-05 0.674986 -0.737831 -57.9727 -1.74372e-05 0.737831 0.674986 34.7758 
0.99993 -0.011852 0.000107283 -4317.89 0.008057 0.673062 -0.739542 -69.7686 0.00869282 0.739491 0.67311 52.6803 
1 -1.23779e-05 1.23047e-05 -4155.85 1.74533e-05 0.708992 -0.705216 -58.4843 5.1785e-09 0.705216 0.708992 35.0532 
0.999965 -0.0074057 0.00388457 -4259.92 0.00800598 0.713548 -0.70056 -70.8317 0.0024163 0.700567 0.713583 62.0941 
1 -1.42382e-05 1.28787e-05 -4105.82 1.91986e-05 0.741437 -0.671022 -59.0203 5.36127e-09 0.671022 0.741437 35.3334 
0.999901 -0.0140146 -0.000939677 -4208.65 0.00979226 0.743485 -0.668681 -72.4412 0.0100699 0.668606 0.743549 49.1052 
1 4.33817e-06 1.90156e-05 -4055.81 8.73151e-06 0.772224 -0.63535 -59.4745 -1.74405e-05 0.63535 0.772224 35.6905 
0.99997 -0.00426269 0.00650613 -4145.19 0.00741724 0.774436 -0.632609 -70.6003 -0.00234196 0.632638 0.774444 61.1832 
1 8.2736e-06 3.73533e-05 -4005.84 1.57183e-05 0.801286 -0.598282 -59.9709 -3.48806e-05 0.598282 0.801286 36.0242 
0.999951 -0.00379415 0.00913361 -4087.64 0.00844738 0.807945 -0.589198 -72.8364 -0.00514395 0.589246 0.807937 63.7518 
1 -1.44643e-05 9.76733e-06 -3955.8 1.74533e-05 0.828579 -0.559873 -60.498 5.1785e-09 0.559873 0.828579 36.2409 
0.999976 -0.00229109 0.00655853 -4037.32 0.00557399 0.828072 -0.560594 -69.8209 -0.00414657 0.560617 0.828065 62.7279 
1 -2.23602e-05 1.36166e-05 -3905.9 2.61799e-05 0.853896 -0.520443 -61.0067 1.00524e-08 0.520443 0.853896 36.508 
0.999971 0.00120346 0.00750672 -3982.3 0.00292667 0.850362 -0.52619 -65.0212 -0.00701668 0.526196 0.850334 66.0179 
1 -1.68496e-05 9.20199e-06 -3855.83 1.91986e-05 0.87749 -0.479596 -61.5233 6.3665e-09 0.479596 0.87749 36.8556 
0.999918 0.000562636 0.0127585 -3929.92 0.00564666 0.876593 -0.4812 -66.8849 -0.0114548 0.481232 0.876518 68.6886 
1 -1.56949e-05 7.63459e-06 -3805.8 1.74533e-05 0.899092 -0.437759 -62.0012 6.39697e-09 0.437759 0.899092 37.1182 
0.999915 0.00115131 0.0129636 -3878.52 0.00468378 0.897505 -0.44098 -65.0169 -0.0121426 0.441004 0.897423 71.5509 
1 -1.44334e-05 6.1981e-06 -3755.8 1.5708e-05 0.918702 -0.394952 -62.5048 6.30558e-09 0.394952 0.918702 37.3855 
0.999887 0.00162772 0.014961 -3822.3 0.0044795 0.916882 -0.399132 -64.1588 -0.0143671 0.399154 0.916771 71.8766 
1 -9.80625e-06 3.67421e-06 -3705.84 1.0472e-05 0.936293 -0.351221 -63.0131 4.02095e-09 0.351221 0.936293 37.7302 
0.999924 0.00866923 0.00877443 -3773.54 -0.00495129 0.933633 -0.358196 -58.0305 -0.0112974 0.358126 0.933605 71.5917 
1 -2.19569e-05 -1.12543e-05 -3655.92 1.74463e-05 0.951792 -0.306743 -63.5102 1.74469e-05 0.306743 0.951792 37.9524 
0.999924 0.00827174 0.00916281 -3720.2 -0.0049649 0.949086 -0.314977 -58.0823 -0.0113017 0.314908 0.949055 71.1098 
1 -1.46633e-05 -1.4099e-05 -3605.75 1.04644e-05 0.965176 -0.2616 -63.9691 1.7444e-05 0.2616 0.965176 38.2776 
0.999953 0.0076373 0.00596213 -3670.84 -0.00576331 0.963508 -0.267617 -58.4541 -0.00778843 0.26757 0.963507 66.9635 
1 -1.36348e-05 3.00779e-06 -3555.92 1.39626e-05 0.976436 -0.215809 -64.4745 5.60496e-09 0.215809 0.976436 38.6679 
0.999945 0.00751926 0.00724906 -3614.74 -0.00571794 0.974913 -0.222511 -58.0955 -0.00874033 0.222458 0.974903 67.3321 
1 -3.26833e-05 5.61014e-06 -3505.93 3.31613e-05 0.985509 -0.169625 -64.9989 1.50481e-08 0.169625 0.985509 38.941 
0.999966 0.00591127 0.00570642 -3554.56 -0.00479821 0.983938 -0.178445 -57.8684 -0.0066696 0.178412 0.983933 63.2201 
1 -2.59825e-05 3.20913e-06 -3455.8 2.61799e-05 0.992403 -0.12303 -65.4968 1.18801e-08 0.12303 0.992403 39.2575 
0.999808 -0.0138439 -0.0138361 -3435 0.0118535 0.9908 -0.134815 -80.2385 0.0155751 0.134625 0.990774 23.1096 
1 -3.52273e-05 2.01609e-05 -3405.92 3.66601e-05 0.997097 -0.076144 -65.9569 -1.742e-05 0.076144 0.997097 39.6392 
0.999762 -0.0139008 -0.016818 -3387.58 0.012346 0.995932 -0.0892619 -81.1962 0.0179904 0.089033 0.995866 19.7716 
1 -2.61692e-05 7.488e-07 -3355.79 2.61799e-05 0.999576 -0.029108 -66.5144 1.32509e-08 0.029108 0.999576 39.8841 
0.999737 -0.0132461 -0.018697 -3343.66 0.0125287 0.9992 -0.0379747 -81.9569 0.0191851 0.0377305 0.999104 18.7952 
1 -1.25372e-05 1.72075e-05 -3305.82 1.22267e-05 0.999839 0.0179243 -66.9455 -1.74295e-05 -0.0179243 0.999839 40.1913 
0.999736 -0.0118545 -0.0196683 -3296.57 0.0120103 0.999897 0.00781949 -81.5438 0.0195736 -0.00805365 0.999776 18.682 
1 -9.30576e-06 -1.80848e-05 -3255.8 1.04622e-05 0.997883 0.0650366 -67.491 1.74413e-05 -0.0650366 0.997883 40.5006 
0.999552 -0.00196192 -0.0298526 -3252.96 0.00353342 0.998605 0.0526808 -70.6189 0.0297076 -0.0527627 0.998165 5.88585 
1 1.96217e-06 -1.7324e-05 -3205.85 -1.0353e-08 0.993713 0.111954 -67.9467 1.74347e-05 -0.111954 0.993713 40.7948 
0.999522 0.00100546 -0.0309016 -3200.93 0.00228715 0.994328 0.106332 -69.5657 0.0308332 -0.106352 0.99385 4.22309 
1 6.89229e-06 1.11137e-06 -3155.87 -6.98132e-06 0.987342 0.158606 -68.4728 -4.1428e-09 -0.158606 0.987342 41.0534 
0.999575 -0.000111414 -0.0291675 -3151.48 0.00462011 0.987973 0.154558 -72.4752 0.0287995 -0.154627 0.987553 7.32552 
1 -2.03297e-05 -2.20833e-05 -3105.86 2.44236e-05 0.978778 0.204922 -68.9768 1.74486e-05 -0.204922 0.978778 41.325 
0.999645 -0.00180377 -0.0265794 -3099.55 0.00716178 0.979173 0.202903 -75.0377 0.0256599 -0.203021 0.978838 10.7771 
1 -6.93889e-18 -4.33681e-17 -3055.82 0 0.968047 0.250769 -69.4384 -1.76047e-17 -0.250769 0.968047 41.6487 
0.999648 -0.000182235 -0.0265442 -3050.78 0.00683162 0.968059 0.250631 -75.2283 0.0256507 -0.250724 0.967719 10.9614 
1 -6.66694e-06 -2.07141e-06 -3005.85 6.98132e-06 0.955175 0.296041 -69.9479 4.87388e-09 -0.296041 0.955175 41.9905 
0.999637 -0.000138874 -0.0269425 -3000.06 0.00826606 0.953342 0.301779 -77.6288 0.0256435 -0.301892 0.952997 10.7076 
1 -2.02967e-05 -2.59171e-05 -2955.86 2.79128e-05 0.940164 0.340723 -70.491 1.74507e-05 -0.340723 0.940164 42.2253 
0.999694 -9.65235e-06 -0.0247417 -2949.81 0.00840437 0.940672 0.339213 -78.1023 0.0232706 -0.339317 0.940384 13.7784 
1 5.105e-06 -1.67566e-05 -2905.86 1.73194e-06 0.92309 0.384585 -70.9279 1.74311e-05 -0.384585 0.92309 42.5433 
0.999727 -0.000239558 -0.0233425 -2898.32 0.00910165 0.92481 0.380321 -79.1854 0.0214963 -0.380429 0.92456 15.9075 
1 -1.5351e-05 1.20111e-05 -2855.85 8.74002e-06 0.903948 0.427643 -71.4288 -1.74221e-05 -0.427643 0.903948 42.9149 
0.999794 -0.00109949 -0.0202556 -2846.51 0.00951556 0.907275 0.420431 -80.2859 0.0179151 -0.420537 0.907099 20.3072 
1 -4.98088e-07 1.94842e-05 -2805.84 -8.71236e-06 0.882816 0.469719 -71.9364 -1.74349e-05 -0.469719 0.882816 43.1823 
0.999882 -0.00021429 -0.0153732 -2794.72 0.00725331 0.888211 0.459379 -76.8356 0.0135562 -0.459436 0.888107 26.4716 
1 -4.98019e-05 -4.95651e-05 -2760.68 6.80532e-05 0.862028 0.506861 -72.1322 1.74839e-05 -0.506861 0.862028 43.1689 
0.999914 -0.000505351 -0.0131418 -2745.6 0.00695497 0.868416 0.495787 -75.8833 0.011162 -0.495835 0.868345 29.4341 
1 -0.000257364 -0.000245906 -2725.63 0.000349005 0.844769 0.535131 -72.3918 7.00101e-05 -0.535131 0.844769 42.8124 
0.999923 -9.44114e-05 -0.0124309 -2710.95 0.00659064 0.851895 0.523671 -75.1385 0.0105404 -0.523712 0.85183 29.2728 
1 -0.000543093 -0.000446918 -2700.56 0.000699816 0.831821 0.555044 -72.6848 7.03152e-05 -0.555044 0.831821 42.3942 
0.999941 0.00045404 -0.0108664 -2685.76 0.00552427 0.83944 0.543424 -73.5093 0.00936846 -0.543452 0.839388 30.9975 
1 -0.000654963 -0.000599733 -2685.44 0.00087953 0.823823 0.566846 -72.8099 0.000122811 -0.566846 0.823823 42.0563 
0.999971 0.00118499 -0.00756336 -2670.39 0.00318388 0.834083 0.551629 -69.8155 0.00696215 -0.551637 0.834055 33.175 
1 -0.000695118 -0.000654065 -2680.35 0.0009441 0.821064 0.570836 -72.8078 0.000140231 -0.570836 0.821064 41.8118 
0.999983 0.000552173 -0.00578486 -2665.09 0.00275211 0.83176 0.555128 -69.1538 0.00511814 -0.555135 0.831745 35.572 
1 -0.000703642 -0.000660124 -2680.35 0.000954563 0.821044 0.570864 -72.8579 0.000140307 -0.570865 0.821044 41.8629 
0.999982 0.0008537 -0.00593109 -2665.77 0.00257859 0.83216 0.554529 -68.837 0.00540902 -0.554534 0.832143 35.2568 
1 -0.000705074 -0.000661122 -2680.35 0.000956305 0.821054 0.57085 -72.8587 0.000140325 -0.57085 0.821054 41.8616 
0.999981 0.000912868 -0.00614916 -2665.4 0.00264568 0.832614 0.553847 -69.169 0.00562546 -0.553853 0.832596 34.7978 
1 -0.000707938 -0.000663117 -2680.34 0.000959796 0.821054 0.57085 -72.8632 0.000140329 -0.57085 0.821054 41.871 
0.999981 0.000365958 -0.00610582 -2665.55 0.00307904 0.832404 0.554161 -69.4745 0.00528531 -0.55417 0.832387 35.3122 
1 -0.00070937 -0.000664115 -2680.34 0.000961544 0.821044 0.570864 -72.8624 0.000140313 -0.570865 0.821044 41.8723 
0.999983 0.000295674 -0.00575614 -2665.32 0.00293989 0.832836 0.553513 -69.3593 0.00495758 -0.55352 0.832821 35.7216 
1 -0.000710802 -0.000665113 -2680.34 0.000963289 0.821044 0.570864 -72.8671 0.000140315 -0.570865 0.821044 41.8722 
0.999983 0.000511035 -0.00584076 -2665.02 0.00280952 0.832605 0.55386 -69.1965 0.00514609 -0.553867 0.832589 35.5636 
1 -0.000710802 -0.000665113 -2680.34 0.000963287 0.821054 0.57085 -72.8678 0.000140332 -0.57085 0.821054 41.871 
0.999982 0.000435295 -0.00595242 -2665.41 0.00293245 0.832815 0.553544 -69.247 0.00519822 -0.553551 0.832799 35.517 
1 -0.00070937 -0.000664115 -2680.34 0.000961544 0.821044 0.570864 -72.8624 0.000140313 -0.570865 0.821044 41.8723 
0.999982 0.00100483 -0.00598472 -2665.49 0.00247928 0.83249 0.554035 -68.6508 0.00553894 -0.554039 0.832472 35.0649 
1 -0.00070937 -0.000664115 -2680.34 0.000961544 0.821044 0.570864 -72.8478 0.000140314 -0.570865 0.821044 41.8723 
0.999982 0.000458782 -0.00595442 -2665.2 0.00291713 0.832483 0.554042 -69.3273 0.00521114 -0.55405 0.832467 35.5631 
1 -0.00070937 -0.000664115 -2680.34 0.000961544 0.821044 0.570864 -72.8478 0.000140314 -0.570865 0.821044 41.8723 
0.999982 0.000310138 -0.00606994 -2665.66 0.0031028 0.832703 0.553711 -69.4129 0.00522619 -0.553719 0.832687 35.4794 
1 -0.00070937 -0.000664115 -2680.34 0.000961544 0.821044 0.570864 -72.8478 0.000140314 -0.570865 0.821044 41.8723 
0.999983 0.000423625 -0.00579327 -2665.32 0.00285265 0.832971 0.553309 -69.2744 0.00506002 -0.553316 0.832956 35.6678 
1 -0.00070937 -0.000664115 -2680.34 0.000961544 0.821044 0.570864 -72.8478 0.000140314 -0.570865 0.821044 41.8723 
0.999982 0.000267039 -0.00594405 -2665.25 0.00306927 0.832671 0.553759 -69.444 0.00509731 -0.553768 0.832656 35.7705 
