0.670949 -0.26705 0.691746 -9431.58 -0.721803 -0.0216057 0.691761 19.0419 -0.169789 -0.96344 -0.207254 11.227 
0.661861 -0.270753 0.699023 -9398.15 -0.73149 -0.0293887 0.681219 32.2007 -0.163899 -0.9622 -0.217504 30.2382 
0.665331 -0.298892 0.684104 -9417.13 -0.727426 -0.0534768 0.684099 19.5714 -0.167888 -0.952787 -0.253001 10.9998 
-6
0.65977 -0.330426 0.674924 -9401.69 -0.732992 -0.0850427 0.6749 20.0062 -0.165607 -0.939993 -0.298308 11.0929 
0.642438 -0.344538 0.684519 -9353.18 -0.747854 -0.0868707 0.658155 41.3394 -0.167295 -0.934744 -0.313474 25.5678 
0.654297 -0.361513 0.664232 -9386.23 -0.738462 -0.116113 0.664222 20.4892 -0.162999 -0.925109 -0.342936 11.6724 
-6
0.648892 -0.392077 0.652084 -9371.79 -0.743859 -0.146631 0.652053 20.9976 -0.16004 -0.908171 -0.386798 12.3123 
-6
0.643614 -0.422004 0.638494 -9356.25 -0.749137 -0.176556 0.638452 21.3623 -0.156699 -0.889236 -0.429773 12.5507 
0.634001 -0.421349 0.648465 -9345.21 -0.756942 -0.166388 0.631945 29.9369 -0.158373 -0.891504 -0.424427 21.748 
0.638466 -0.451285 0.623461 -9341.7 -0.754286 -0.205841 0.623444 21.8612 -0.153017 -0.868315 -0.47182 12.9529 
-6
0.633441 -0.479802 0.607076 -9327.15 -0.759314 -0.234382 0.607048 22.4089 -0.148975 -0.845491 -0.512788 13.0422 
-6
0.628569 -0.507578 0.589293 -9311.61 -0.76419 -0.262173 0.589304 22.8847 -0.144622 -0.82075 -0.552679 13.5384 
-6
0.623783 -0.534468 0.570297 -9296.96 -0.768961 -0.28898 0.570255 23.5552 -0.139979 -0.794251 -0.591246 13.9668 
-6
0.619215 -0.56045 0.549971 -9281.24 -0.773535 -0.314996 0.549928 23.7897 -0.134968 -0.765946 -0.628578 14.0473 
0.616077 -0.548255 0.565566 -9308.56 -0.776587 -0.302664 0.552545 24.2502 -0.131759 -0.779622 -0.612232 19.7335 
0.614797 -0.585491 0.528417 -9266.59 -0.77795 -0.340022 0.528374 24.4288 -0.129685 -0.735925 -0.664527 14.4643 
-6
0.610575 -0.609468 0.505715 -9251.74 -0.782173 -0.364 0.505677 24.8781 -0.124114 -0.70431 -0.698959 14.856 
-6
0.606535 -0.632385 0.481877 -9236.99 -0.786211 -0.386908 0.481844 25.4477 -0.118269 -0.671112 -0.731861 15.0045 
-6
0.602703 -0.654155 0.45698 -9222.15 -0.790026 -0.408583 0.457076 26.0048 -0.112285 -0.636507 -0.763054 15.2894 
0.592596 -0.658572 0.463803 -9181.59 -0.797905 -0.401053 0.450004 39.05 -0.110351 -0.636742 -0.76314 18.6352 
0.59905 -0.674763 0.431085 -9207.21 -0.793675 -0.429165 0.431158 26.5643 -0.105923 -0.600426 -0.792634 15.557 
0.590569 -0.674212 0.44347 -9148.88 -0.800744 -0.421363 0.425749 34.2805 -0.100183 -0.60654 -0.788716 19.0498 
0.595633 -0.694141 0.404215 -9191.27 -0.797111 -0.448651 0.404137 27.1079 -0.0991769 -0.562921 -0.820539 15.9207 
-6
0.592462 -0.712244 0.376427 -9177.23 -0.800285 -0.466774 0.376386 27.5757 -0.0923727 -0.524243 -0.846544 16.4062 
-6
0.5895 -0.72905 0.347815 -9162.2 -0.803245 -0.483568 0.347793 28.0443 -0.0853663 -0.484404 -0.870669 16.5034 
-6
0.586802 -0.744477 0.31846 -9147.06 -0.805937 -0.498962 0.318595 28.3302 -0.0782875 -0.443611 -0.892794 16.8176 
0.575878 -0.749574 0.326347 -9166.57 -0.812366 -0.479845 0.331378 31.6509 -0.0917966 -0.455947 -0.88526 20.6798 
0.58431 -0.758566 0.288372 -9131.83 -0.80844 -0.513116 0.288334 28.921 -0.0707525 -0.401608 -0.913074 17.2043 
-6
0.582069 -0.771225 0.257697 -9116.6 -0.81068 -0.525766 0.25762 29.348 -0.0631945 -0.358862 -0.931249 17.2445 
0.570266 -0.775548 0.270781 -9080.77 -0.818821 -0.51026 0.262995 29.6128 -0.0657965 -0.371698 -0.926019 27.0958 
0.580073 -0.782474 0.226385 -9101.28 -0.812671 -0.536983 0.226308 29.8349 -0.0555155 -0.315251 -0.947383 17.9013 
-6
0.578356 -0.79223 0.194617 -9086.93 -0.814388 -0.546743 0.194535 30.4204 -0.0477112 -0.271004 -0.961395 18.131 
0.568305 -0.804706 0.171689 -9018.68 -0.821389 -0.542536 0.175998 41.6286 -0.0484788 -0.241044 -0.969303 33.9924 
0.576917 -0.800494 0.162408 -9071.51 -0.815834 -0.555042 0.162308 30.8653 -0.0397829 -0.226136 -0.973283 18.1904 
-6
0.575697 -0.807292 0.129816 -9057.06 -0.817045 -0.561794 0.12971 31.6074 -0.0317839 -0.180739 -0.983017 18.4842 
0.558259 -0.824451 0.0928859 -9009.99 -0.828691 -0.548667 0.110615 58.6819 -0.0402331 -0.138725 -0.989513 32.6097 
0.574782 -0.812549 0.0969043 -9041.45 -0.817963 -0.567064 0.0968243 31.8329 -0.0237235 -0.134917 -0.990573 19.0685 
-6
0.574117 -0.81628 0.0638538 -9026.8 -0.818625 -0.570778 0.063761 32.5142 -0.0156005 -0.0888786 -0.99592 19.1639 
-6
0.573685 -0.818503 0.03062 -9012.16 -0.819042 -0.572921 0.0305234 33.607 -0.00744072 -0.0425899 -0.999065 19.4614 
-6
0.573574 -0.819149 -0.00267698 -8996.43 -0.819154 -0.573568 -0.00258341 34.0595 0.000580767 0.00367463 -0.999993 19.7921 
-6
0.573768 -0.818227 -0.0359755 -8981.62 -0.81897 -0.572703 -0.0360584 34.1904 0.0089007 0.050152 -0.998702 19.9944 
-6
0.574196 -0.815788 -0.0691999 -8966.7 -0.81854 -0.570258 -0.0692603 34.5035 0.0170399 0.0964119 -0.995196 20.5866 
-6
0.5749 -0.811808 -0.102263 -8951.77 -0.817838 -0.566285 -0.102287 35.2261 0.0251272 0.142439 -0.989485 20.7744 
0.555979 -0.827294 -0.0804466 -8968.98 -0.830875 -0.550465 -0.0814583 28.7393 0.0231069 0.11213 -0.993425 26.1055 
0.575895 -0.806276 -0.135144 -8936.75 -0.81685 -0.560794 -0.135149 35.4974 0.0331793 0.188224 -0.981566 21.0781 
-6
0.577107 -0.799278 -0.167638 -8921.73 -0.815629 -0.553746 -0.167675 36.0986 0.04119 0.233497 -0.971485 21.2453 
-6
0.57861 -0.79075 -0.199811 -8906.62 -0.814126 -0.54522 -0.199833 36.4736 0.0490769 0.278297 -0.95924 21.7639 
-6
0.580387 -0.780745 -0.231493 -8891.39 -0.812363 -0.535292 -0.231364 36.9607 0.0567201 0.322337 -0.944924 21.8819 
0.590482 -0.779339 -0.209669 -8913.05 -0.804118 -0.546007 -0.235098 24.6299 0.0687405 0.30742 -0.949088 28.2269 
0.582382 -0.769296 -0.262707 -8877.15 -0.810361 -0.523804 -0.262572 37.6728 0.0643888 0.365805 -0.928462 22.3096 
-6
0.584679 -0.756388 -0.293307 -8861.84 -0.808058 -0.510855 -0.293377 38.0169 0.0720695 0.40854 -0.909891 22.5375 
-6
0.587194 -0.742076 -0.323306 -8846.43 -0.805555 -0.496614 -0.323197 38.4957 0.0792779 0.45022 -0.889391 22.9516 
-6
0.589954 -0.726406 -0.352545 -8832.02 -0.80278 -0.480863 -0.352583 39.0885 0.086593 0.491024 -0.866832 23.365 
-6
0.592926 -0.709429 -0.380984 -8816.51 -0.799796 -0.46382 -0.381048 39.5469 0.0936183 0.530643 -0.84241 23.3269 
-6
0.596177 -0.691093 -0.408612 -8801.97 -0.796553 -0.44553 -0.408663 40.2199 0.100375 0.569117 -0.816107 23.8425 
-6
0.599629 -0.671518 -0.435327 -8786.37 -0.793121 -0.426065 -0.435233 40.5611 0.106789 0.606245 -0.788076 24.1731 
-6
0.603295 -0.650718 -0.461087 -8771.75 -0.789456 -0.40527 -0.460994 41.1316 0.113112 0.642123 -0.758211 24.3324 
0.603383 -0.654218 -0.455991 -8726.54 -0.78994 -0.412045 -0.454107 39.3119 0.109196 0.634206 -0.765414 43.9372 
0.607163 -0.628767 -0.485803 -8757.03 -0.785565 -0.383188 -0.485855 41.6846 0.119336 0.676623 -0.726595 24.5865 
0.605979 -0.625882 -0.49098 -8706.36 -0.787034 -0.38201 -0.484403 41.9452 0.11562 0.679955 -0.724081 49.7404 
0.611251 -0.605648 -0.509474 -8741.33 -0.781506 -0.360232 -0.509393 42.0376 0.124984 0.709524 -0.693509 24.9845 
-6
0.615523 -0.581483 -0.531986 -8726.53 -0.777211 -0.335939 -0.532059 42.3356 0.130668 0.740961 -0.658713 25.2194 
0.607819 -0.576939 -0.545617 -8721.3 -0.783262 -0.322588 -0.531449 48.6768 0.130604 0.750385 -0.647969 45.7737 
0.619932 -0.55632 -0.553347 -8711.71 -0.772794 -0.310727 -0.553388 43.1426 0.13592 0.770686 -0.62255 25.5915 
-6
0.624496 -0.530266 -0.57343 -8696.91 -0.768207 -0.28455 -0.573489 43.5645 0.140932 0.798655 -0.585054 25.8095 
-6
0.629335 -0.503128 -0.592284 -8681.89 -0.763403 -0.257609 -0.592328 44.0422 0.145439 0.824924 -0.546212 26.0978 
-6
0.634215 -0.475294 -0.609809 -8667 -0.758505 -0.229667 -0.609855 44.5519 0.149807 0.849323 -0.506171 26.4106 
-6
0.639279 -0.446617 -0.625984 -8652.07 -0.753446 -0.201023 -0.626026 45.196 0.153756 0.871851 -0.465011 26.6447 
-6
0.644472 -0.417197 -0.640783 -8637.09 -0.748287 -0.171791 -0.640746 45.4952 0.157236 0.892432 -0.422897 27.2397 
-6
0.649721 -0.387236 -0.654149 -8621.69 -0.743017 -0.141718 -0.654096 46.0855 0.160585 0.911024 -0.379801 26.9753 
-6
0.655141 -0.35658 -0.666064 -8606.78 -0.737604 -0.111098 -0.666031 46.4927 0.163495 0.927636 -0.3358 27.5725 
-6
0.660626 -0.325401 -0.676526 -8591.77 -0.732129 -0.0799796 -0.676454 47.1576 0.16601 0.942188 -0.291072 28.1035 
-6
0.666204 -0.293804 -0.685457 -8576.68 -0.726547 -0.0483556 -0.685413 47.4409 0.168231 0.954642 -0.245677 28.2882 
-6
0.671857 -0.261796 -0.692872 -8561.67 -0.720904 -0.0164048 -0.69284 47.9699 0.170017 0.964984 -0.199752 28.7516 
0.650174 -0.286084 -0.703868 -8623.88 -0.738976 -0.0227768 -0.673346 63.9117 0.176602 0.957934 -0.226218 40.9947 
0.677532 -0.229526 -0.698762 -8546.78 -0.715224 0.0158902 -0.698714 48.5287 0.171476 0.973173 -0.153396 29.2201 
-6
0.683288 -0.197014 -0.703067 -8531.79 -0.709442 0.0485519 -0.703089 48.9887 0.172654 0.979198 -0.106595 29.3104 
-6
0.689025 -0.164346 -0.705857 -8516.79 -0.703704 0.0812252 -0.705835 49.5894 0.173335 0.983053 -0.0596848 29.5616 
-6
0.694804 -0.131567 -0.707063 -8501.7 -0.697919 0.114041 -0.707039 49.9689 0.173657 0.984726 -0.0125876 29.7713 
-6
0.700598 -0.098769 -0.706687 -8486.81 -0.692129 0.146815 -0.706685 50.377 0.173551 0.98422 0.0344977 30.175 
-6
0.706347 -0.0660443 -0.704778 -8471.81 -0.686404 0.179401 -0.704744 51.0718 0.172982 0.981557 0.0813862 30.3638 
0.714086 -0.0791962 -0.695564 -8478.48 -0.679106 0.1629 -0.715737 47.1037 0.169991 0.983459 0.062542 54.5661 
0.712117 -0.0334649 -0.701263 -8456.73 -0.680603 0.212161 -0.701261 51.4281 0.172248 0.976662 0.128307 30.1708 
0.718429 -0.0252389 -0.695142 -8458.1 -0.671607 0.235035 -0.70264 56.3023 0.181117 0.971659 0.151906 51.3189 
0.717822 -0.00102827 -0.696226 -8441.73 -0.674929 0.244423 -0.696225 51.9487 0.170889 0.969668 0.174758 30.8391 
-6
0.723477 0.0310773 -0.689649 -8426.74 -0.669275 0.276516 -0.689644 52.4713 0.169267 0.960507 0.220852 31.3353 
-6
0.729101 0.0629407 -0.681506 -8411.86 -0.663658 0.308348 -0.681528 52.9136 0.167245 0.949189 0.266587 32.1073 
-6
0.734615 0.0944171 -0.671882 -8396.85 -0.65815 0.339782 -0.671853 53.6154 0.164859 0.935753 0.31175 32.6583 
0.7247 0.101178 -0.681596 -8422.45 -0.666699 0.352928 -0.656471 56.3904 0.174134 0.930164 0.323223 57.4526 
0.740076 0.125272 -0.660753 -8381.87 -0.652691 0.370632 -0.660777 53.9231 0.162119 0.920293 0.35606 32.6859 
0.730267 0.154159 -0.665541 -8341.06 -0.662559 0.397265 -0.634977 53.5164 0.166509 0.904663 0.392249 60.5352 
0.745413 0.155589 -0.648191 -8366.8 -0.647345 0.400998 -0.648186 54.4403 0.159073 0.902769 0.399629 32.8405 
0.733518 0.180194 -0.655349 -8328.9 -0.661116 0.412918 -0.626438 62.1111 0.157724 0.892765 0.422012 57.3723 
0.750667 0.185317 -0.634158 -8351.81 -0.642084 0.430763 -0.63417 54.9366 0.15565 0.883233 0.442349 32.8019 
0.730191 0.233771 -0.642007 -8343.19 -0.664717 0.460393 -0.588379 75.3569 0.15803 0.856381 0.491567 54.6358 
0.755785 0.214431 -0.618715 -8336.72 -0.636966 0.45988 -0.618697 55.505 0.151867 0.861702 0.484155 33.1061 
-6
0.760773 0.242727 -0.601921 -8321.85 -0.631952 0.488323 -0.601811 55.8844 0.147856 0.838227 0.524895 33.4267 
0.743905 0.254282 -0.618018 -8328.13 -0.652202 0.477913 -0.588415 74.7002 0.145735 0.840797 0.521365 50.907 
0.765619 0.270261 -0.583768 -8306.77 -0.627132 0.515704 -0.583742 56.4297 0.143289 0.813024 0.564323 33.9409 
-6
0.77032 0.296841 -0.564351 -8291.8 -0.62243 0.54229 -0.564359 56.9102 0.138517 0.786007 0.6025 34.1457 
-6
0.774858 0.322553 -0.54365 -8276.81 -0.617897 0.567981 -0.543692 57.4554 0.133413 0.757204 0.639409 34.526 
-6
0.77921 0.347282 -0.521754 -8261.74 -0.61354 0.592737 -0.521758 57.9168 0.128066 0.726676 0.674938 34.7672 
-6
0.783396 0.370925 -0.498704 -8246.76 -0.609353 0.616388 -0.498754 58.4445 0.122395 0.694608 0.7089 35.0483 
-6
0.787376 0.393505 -0.474545 -8231.78 -0.605372 0.638974 -0.474592 58.9391 0.116468 0.660958 0.74133 35.1595 
-6
0.791143 0.415003 -0.449294 -8216.71 -0.601611 0.660437 -0.449319 59.5128 0.110262 0.625776 0.77217 35.473 
0.786671 0.405745 -0.465317 -8236.82 -0.606571 0.648336 -0.460144 63.6673 0.11498 0.64423 0.75614 58.5995 
0.794713 0.435237 -0.423085 -8201.74 -0.59804 0.680676 -0.423118 59.931 0.103827 0.589279 0.801231 35.9033 
-6
0.798063 0.45419 -0.395989 -8186.76 -0.59469 0.699629 -0.396059 60.5372 0.0971597 0.551571 0.82845 36.1596 
-6
0.80117 0.471971 -0.367927 -8171.69 -0.591585 0.717395 -0.367929 61.1077 0.0902969 0.512434 0.853966 36.5194 
0.792593 0.453683 -0.407392 -8210.13 -0.603489 0.679179 -0.417752 57.2249 0.0871655 0.576964 0.812105 60.6112 
0.804078 0.488368 -0.339052 -8156.82 -0.588674 0.733811 -0.339093 61.5356 0.0831979 0.472248 0.877531 36.9859 
0.799266 0.460523 -0.386125 -8168.18 -0.595426 0.69394 -0.404864 57.4478 0.0814979 0.553503 0.82885 60.2333 
0.806726 0.503368 -0.309538 -8141.76 -0.586009 0.748905 -0.309411 61.8937 0.0760668 0.431002 0.899139 37.1001 
-6
0.80914 0.517002 -0.279288 -8126.79 -0.583617 0.76242 -0.279477 62.3821 0.0684445 0.389133 0.918635 37.4814 
-6
0.811295 0.529247 -0.248389 -8111.74 -0.58145 0.774727 -0.248423 62.8543 0.0609565 0.345971 0.936263 37.5823 
-6
0.813203 0.540056 -0.216889 -8096.76 -0.579542 0.785541 -0.216926 63.3958 0.0532227 0.302101 0.951789 38.1355 
-6
0.814837 0.54937 -0.185025 -8081.81 -0.57791 0.794844 -0.18505 63.8354 0.0454052 0.257713 0.965154 38.2343 
-6
0.81622 0.557225 -0.152593 -8066.83 -0.576526 0.802703 -0.152596 64.6499 0.0374567 0.212526 0.976437 38.6796 
-6
0.81734 0.563542 -0.119897 -8051.78 -0.575399 0.809057 -0.119759 65.0262 0.0295148 0.166872 0.985537 38.9621 
-6
0.818175 0.568356 -0.0869552 -8036.71 -0.574573 0.813821 -0.0869549 65.6223 0.0213446 0.121106 0.99241 39.1702 
-6
0.818756 0.571608 -0.0538837 -8021.77 -0.57399 0.817085 -0.0539174 65.9754 0.013208 0.0750739 0.99709 39.5448 
-6
0.819052 0.57335 -0.0205918 -8006.71 -0.573697 0.818808 -0.0206011 66.5395 0.00504907 0.0286868 0.999576 39.8798 
-6
0.819092 0.573522 0.0126526 -7991.74 -0.573653 0.819001 0.0126235 67.1305 -0.00312261 -0.0175981 0.99984 40.1903 
0.79792 0.602526 0.0168786 -8016.74 -0.602742 0.797814 0.0139716 86.4036 -0.00504769 -0.0213217 0.99976 66.8967 
0.818847 0.572167 0.0459807 -7976.8 -0.5739 0.817635 0.0459524 67.58 -0.011303 -0.0640163 0.997885 40.3956 
0.80769 0.586676 0.0587266 -7975.16 -0.589207 0.806799 0.0437136 85.9534 -0.0217348 -0.0699092 0.997317 72.6006 
0.818337 0.56927 0.0790897 -7961.74 -0.574409 0.814742 0.0790571 68.0903 -0.0194328 -0.110125 0.993728 40.7721 
-6
0.817564 0.564823 0.112093 -7946.81 -0.575181 0.810304 0.112132 68.3623 -0.0274944 -0.156149 0.987351 41.0452 
-6
0.816546 0.558809 0.144866 -7931.77 -0.576187 0.804364 0.144943 68.5081 -0.03553 -0.201822 0.978778 41.5106 
-6
0.815222 0.551329 0.177337 -7916.81 -0.57751 0.796882 0.177372 69.1552 -0.0435265 -0.247012 0.968034 41.6837 
-6
0.813629 0.542419 0.209259 -7901.77 -0.57911 0.787932 0.209271 69.8247 -0.0513694 -0.291453 0.955205 41.7058 
-6
0.811774 0.53196 0.240918 -7886.81 -0.580973 0.777432 0.240979 70.4314 -0.0591061 -0.335587 0.940153 42.3174 
-6
0.809678 0.52007 0.271935 -7871.76 -0.583066 0.765557 0.271949 70.9909 -0.0667491 -0.378748 0.92309 42.4556 
0.80697 0.523581 0.273245 -7828.69 -0.58728 0.760328 0.277496 83.758 -0.0624646 -0.384402 0.92105 60.4881 
0.807335 0.506719 0.302401 -7856.72 -0.585408 0.752213 0.302446 71.3785 -0.0742149 -0.421203 0.903925 42.7969 
-6
0.804736 0.492059 0.332081 -7841.78 -0.58801 0.73753 0.332104 71.9011 -0.0815051 -0.462523 0.882853 43.0592 
0.804199 0.489616 0.336957 -7759.87 -0.588301 0.736467 0.333944 74.4213 -0.0846531 -0.46679 0.880307 64.5735 
0.801901 0.47598 0.361106 -7826.84 -0.590845 0.721455 0.361116 72.3988 -0.0886382 -0.502937 0.859766 43.4289 
-6
0.798825 0.458546 0.389377 -7811.8 -0.593926 0.703996 0.389412 72.9951 -0.095556 -0.542333 0.834712 43.7125 
-6
0.795537 0.439819 0.41675 -7796.78 -0.59721 0.685288 0.416797 73.4105 -0.102279 -0.580465 0.807836 43.8008 
0.794474 0.427556 0.431284 -7767.06 -0.597728 0.676096 0.430831 79.0502 -0.107385 -0.600075 0.792703 65.6103 
0.792015 0.419847 0.443215 -7781.73 -0.600726 0.665347 0.443216 74.034 -0.108809 -0.617285 0.779179 44.3919 
0.784309 0.419082 0.457416 -7746.59 -0.608989 0.660693 0.438881 82.5763 -0.118285 -0.62278 0.773404 73.0676 
0.788286 0.398753 0.468617 -7766.78 -0.604463 0.644213 0.46863 74.6451 -0.115022 -0.652676 0.748855 44.5928 
0.783859 0.403651 0.471838 -7703.38 -0.609724 0.644126 0.461886 84.2622 -0.117483 -0.649744 0.751019 67.7935 
0.784359 0.376419 0.493042 -7751.76 -0.608389 0.621887 0.493071 75.0436 -0.121015 -0.686706 0.716792 44.8714 
0.787298 0.37718 0.487747 -7715.14 -0.604776 0.626408 0.491792 74.0319 -0.120035 -0.682164 0.721279 64.1504 
0.78024 0.353004 0.516347 -7736.73 -0.612506 0.598483 0.516386 75.3976 -0.126738 -0.71917 0.683177 45.222 
0.782022 0.354047 0.512925 -7706.05 -0.608858 0.609822 0.507355 73.6659 -0.133165 -0.709061 0.692459 62.4062 
0.775921 0.328585 0.538497 -7721.79 -0.616827 0.574049 0.538508 75.9818 -0.132178 -0.749999 0.648097 45.5481 
0.774781 0.324008 0.542894 -7700.18 -0.617207 0.573705 0.53844 79.4425 -0.137002 -0.752251 0.644476 66.5376 
0.771424 0.303107 0.559492 -7706.79 -0.621327 0.548554 0.559501 76.3814 -0.137322 -0.77924 0.611496 45.8842 
0.776911 0.308837 0.548662 -7675.47 -0.614773 0.560182 0.555203 78.0472 -0.135883 -0.768646 0.625076 63.4906 
0.766761 0.276708 0.579232 -7691.74 -0.625991 0.522147 0.579222 76.9306 -0.142169 -0.806719 0.573579 46.3679 
0.765629 0.26275 0.587176 -7691.01 -0.62369 0.526756 0.577528 77.5731 -0.157553 -0.808388 0.567174 72.7153 
0.761966 0.249328 0.597699 -7676.81 -0.630776 0.494829 0.597718 77.4387 -0.146731 -0.832454 0.534313 46.4896 
-6
0.757021 0.221165 0.614822 -7661.79 -0.635714 0.466705 0.614861 77.8691 -0.150955 -0.856313 0.493903 46.728 
-6
0.751918 0.192308 0.630585 -7646.79 -0.640822 0.437819 0.630604 78.3588 -0.154812 -0.878255 0.452439 47.1281 
0.748448 0.208758 0.629481 -7628.83 -0.645573 0.446674 0.619449 88.2496 -0.151858 -0.870001 0.469081 57.1679 
0.746711 0.162773 0.644925 -7631.75 -0.646029 0.408284 0.644942 78.8644 -0.158333 -0.898225 0.410026 47.4349 
0.745045 0.175851 0.643416 -7585.07 -0.649515 0.410776 0.639839 88.9797 -0.151783 -0.894617 0.420264 59.7851 
0.741369 0.132557 0.657876 -7616.84 -0.651376 0.378037 0.657873 79.4978 -0.161496 -0.916252 0.366609 47.4893 
0.741657 0.166919 0.649679 -7581.77 -0.6531 0.400593 0.642639 88.4829 -0.152989 -0.900923 0.406117 57.2663 
0.73594 0.101741 0.669359 -7601.81 -0.656803 0.347237 0.669356 79.9325 -0.164325 -0.932242 0.322369 48.2102 
0.741094 0.112424 0.661922 -7553.41 -0.651664 0.357733 0.66885 85.651 -0.161596 -0.927032 0.338377 61.566 
0.730443 0.0703975 0.679335 -7586.7 -0.662303 0.315869 0.679397 80.4121 -0.166753 -0.946187 0.277349 48.1705 
-6
0.724849 0.038729 0.687818 -7571.78 -0.667897 0.284203 0.687853 80.932 -0.16884 -0.957982 0.231871 48.6361 
0.721007 0.0335165 0.692116 -7534.65 -0.670983 0.28315 0.68528 94.1629 -0.173005 -0.95849 0.226642 61.016 
0.719193 0.00663085 0.694778 -7556.78 -0.673558 0.252077 0.694821 81.3539 -0.17053 -0.967684 0.185758 48.8826 
-6
0.713491 -0.0256856 0.700193 -7541.75 -0.679256 0.219785 0.700218 82.0175 -0.171878 -0.97521 0.139368 48.9811 
0.717699 -0.0334126 0.695551 -7508.24 -0.67356 0.220154 0.705584 80.3383 -0.176703 -0.974893 0.135499 59.9582 
0.707737 -0.058243 0.704071 -7526.74 -0.685015 0.187197 0.704068 82.5673 -0.172807 -0.980594 0.0925893 49.2728 
0.711707 -0.0582677 0.700056 -7511.51 -0.680236 0.191615 0.707505 81.6799 -0.175366 -0.979739 0.0967376 59.5723 
0.701973 -0.0909663 0.70637 -7511.73 -0.690779 0.154472 0.706373 82.9789 -0.173371 -0.983801 0.0455977 49.5815 
0.706432 -0.0950872 0.701364 -7484.32 -0.684654 0.159435 0.711217 80.0579 -0.17945 -0.982618 0.0475282 58.3331 
0.696213 -0.123764 0.707086 -7496.73 -0.696509 0.121851 0.707127 83.3655 -0.173676 -0.984802 -0.00136825 49.9617 
0.69825 -0.129062 0.704124 -7483.23 -0.693795 0.120293 0.710055 84.6661 -0.176342 -0.984313 -0.00554836 58.2104 
0.690399 -0.15653 0.706292 -7481.72 -0.702356 0.0888968 0.706253 84.1743 -0.173337 -0.983664 -0.0485659 50.1793 
-6
0.684625 -0.189301 0.703885 -7466.71 -0.708093 0.0563358 0.703868 84.5275 -0.172897 -0.980302 -0.0954736 51.1299 
-6
0.678893 -0.221831 0.699925 -7451.72 -0.713831 0.0237726 0.699915 84.9938 -0.171902 -0.974795 -0.142211 51.135 
0.679829 -0.245308 0.691127 -7433.19 -0.711027 0.010382 0.703088 80.868 -0.179649 -0.96939 -0.167363 67.8835 
0.673213 -0.254114 0.694414 -7436.72 -0.719517 -0.00854406 0.694423 85.4435 -0.17053 -0.967136 -0.188592 51.0209 
0.670399 -0.273381 0.689803 -7414.09 -0.719573 -0.0126943 0.694301 84.8735 -0.181052 -0.961822 -0.205228 66.6916 
0.667567 -0.286141 0.68737 -7421.71 -0.725166 -0.0405884 0.687377 86.0836 -0.168788 -0.957327 -0.234595 51.1367 
0.665518 -0.30902 0.679405 -7385.62 -0.724131 -0.0467216 0.688079 84.7563 -0.180887 -0.949907 -0.254865 68.2176 
0.661998 -0.317833 0.678779 -7406.73 -0.730771 -0.0724899 0.678763 86.4793 -0.166528 -0.945372 -0.280251 51.1286 
0.662054 -0.332041 0.671887 -7347.67 -0.730543 -0.0857856 0.677457 86.8181 -0.167305 -0.939356 -0.299365 61.7825 
0.656481 -0.349114 0.668695 -7391.73 -0.736256 -0.103586 0.668727 87.0179 -0.164194 -0.931338 -0.32504 51.6677 
0.655646 -0.358221 0.664684 -7350.79 -0.736212 -0.107787 0.668112 87.1698 -0.167687 -0.927394 -0.334397 58.6775 
0.651058 -0.379886 0.657123 -7376.62 -0.741672 -0.134318 0.657177 87.4533 -0.161388 -0.91523 -0.3692 52.2148 
0.650388 -0.398581 0.646629 -7337.8 -0.740391 -0.142403 0.656919 86.4247 -0.169753 -0.90601 -0.387723 64.5086 
0.645726 -0.410094 0.644097 -7361.65 -0.747004 -0.164529 0.644139 87.9083 -0.158185 -0.89708 -0.412583 52.5612 
-6
0.640516 -0.439625 0.629657 -7346.75 -0.752216 -0.194071 0.629689 88.4286 -0.154629 -0.876964 -0.454999 52.9139 
0.644604 -0.438896 0.625984 -7326.77 -0.747265 -0.188745 0.637158 80.737 -0.161495 -0.878491 -0.449637 59.8883 
0.635426 -0.468489 0.613802 -7331.74 -0.757304 -0.222922 0.613837 89.1033 -0.150746 -0.854882 -0.496439 53.2801 
0.638764 -0.461515 0.615616 -7376.09 -0.753634 -0.214143 0.621433 81.0919 -0.154971 -0.860898 -0.484601 58.111 
0.630487 -0.496533 0.596608 -7316.75 -0.762275 -0.251144 0.596543 89.5837 -0.146369 -0.830892 -0.536838 53.4011 
0.633487 -0.484988 0.602894 -7334.67 -0.760217 -0.245012 0.601698 79.401 -0.1441 -0.839497 -0.523908 51.361 
0.625687 -0.523788 0.578068 -7301.78 -0.767072 -0.278388 0.578014 89.9696 -0.14183 -0.805076 -0.575966 53.8238 
0.629681 -0.514742 0.581844 -7304.17 -0.763719 -0.273026 0.58497 82.7257 -0.14225 -0.81271 -0.565037 53.5921 
0.621034 -0.550142 0.558265 -7286.7 -0.7717 -0.304599 0.5583 90.3626 -0.137098 -0.777537 -0.613711 54.2287 
0.632884 -0.532077 0.562451 -7272.05 -0.76231 -0.301159 0.572875 79.2805 -0.135426 -0.791326 -0.596207 50.8235 
0.616554 -0.57556 0.537207 -7271.81 -0.776181 -0.330022 0.537242 90.9528 -0.131926 -0.748208 -0.650215 54.4015 
0.627752 -0.566689 0.533658 -7256.54 -0.766597 -0.331072 0.5502 78.6847 -0.135113 -0.75449 -0.642253 61.721 
0.612243 -0.599976 0.514964 -7256.74 -0.78049 -0.354427 0.514992 91.4081 -0.126466 -0.717224 -0.685271 54.7505 
-6
0.60813 -0.623327 0.491571 -7241.76 -0.784606 -0.37779 0.491598 91.9188 -0.120715 -0.684645 -0.718811 55.028 
0.602007 -0.626616 0.494914 -7241.75 -0.788396 -0.368211 0.4928 90.706 -0.126563 -0.686858 -0.715687 60.106 
0.604225 -0.645571 0.467065 -7226.77 -0.788514 -0.400054 0.467122 92.4215 -0.114709 -0.650534 -0.750765 55.3508 
0.602573 -0.643692 0.47177 -7221.44 -0.789035 -0.391848 0.473158 91.9159 -0.119705 -0.657355 -0.744012 59.4376 
0.60049 -0.666642 0.441588 -7211.71 -0.792244 -0.421099 0.441616 92.959 -0.108447 -0.615032 -0.781009 55.5585 
0.603894 -0.662959 0.44249 -7184.48 -0.789143 -0.419224 0.448893 84.7616 -0.112096 -0.620272 -0.776336 58.2565 
0.597003 -0.686523 0.415058 -7196.74 -0.795733 -0.440992 0.415133 93.3773 -0.101961 -0.578111 -0.809563 56.0347 
0.598757 -0.682958 0.4184 -7172.38 -0.793899 -0.437007 0.422788 83.2597 -0.105903 -0.585314 -0.803861 57.7675 
0.593715 -0.705138 0.387664 -7181.77 -0.79902 -0.4596 0.387729 93.9131 -0.0952324 -0.539952 -0.836291 56.2295 
0.601383 -0.695599 0.393041 -7155.84 -0.793274 -0.461267 0.397428 82.1107 -0.0951537 -0.550795 -0.829199 54.8192 
0.59065 -0.722467 0.359407 -7166.8 -0.802084 -0.476928 0.359445 94.4693 -0.0882763 -0.500581 -0.861177 56.3843 
0.594545 -0.715977 0.365914 -7139.48 -0.799368 -0.47722 0.365063 84.8194 -0.0867549 -0.509547 -0.856058 54.3752 
0.587862 -0.738464 0.330287 -7151.73 -0.804881 -0.49297 0.330373 94.8476 -0.081147 -0.460056 -0.884174 56.8372 
0.592619 -0.731058 0.338166 -7129.66 -0.801501 -0.493508 0.337708 86.2321 -0.0799965 -0.471173 -0.878406 54.8547 
0.585257 -0.753098 0.300528 -7136.75 -0.807483 -0.507587 0.300544 95.5114 -0.0737949 -0.418567 -0.905183 57.0197 
0.586139 -0.750317 0.305721 -7121.65 -0.806909 -0.506568 0.303789 85.989 -0.0730694 -0.424751 -0.902356 56.7245 
0.582926 -0.766337 0.270047 -7121.71 -0.809813 -0.520817 0.270099 95.9004 -0.0663419 -0.376134 -0.924187 57.5742 
0.585938 -0.762794 0.273537 -7096.53 -0.807596 -0.521833 0.274735 85.0808 -0.0668251 -0.381885 -0.921791 59.319 
0.580849 -0.778141 0.238978 -7106.74 -0.811893 -0.532643 0.239002 96.4029 -0.0586873 -0.332848 -0.941152 57.7318 
0.578357 -0.78254 0.230508 -7071.95 -0.813381 -0.531484 0.236507 90.1059 -0.062565 -0.324277 -0.943891 60.3626 
0.579021 -0.788492 0.207402 -7091.69 -0.81372 -0.542987 0.207422 96.9081 -0.0509339 -0.288869 -0.956013 58.0541 
0.582962 -0.790454 0.187983 -7030.09 -0.810688 -0.550441 0.199497 87.9321 -0.0542196 -0.268694 -0.961698 65.8251 
0.577443 -0.797376 0.17536 -7076.71 -0.815295 -0.551857 0.175351 97.5166 -0.0430475 -0.244225 -0.968763 58.3236 
0.583568 -0.798212 0.149349 -7014.91 -0.810669 -0.561854 0.164731 86.7096 -0.0475781 -0.217204 -0.974966 66.104 
0.576171 -0.804741 0.142896 -7061.77 -0.816575 -0.559264 0.142929 97.8766 -0.0351046 -0.199037 -0.979363 58.6774 
0.583112 -0.802672 0.12529 -7023.47 -0.811387 -0.567758 0.138929 86.8665 -0.0403807 -0.18267 -0.982345 67.1532 
0.575122 -0.810618 0.11015 -7046.79 -0.817621 -0.565123 0.110148 98.5708 -0.0270398 -0.15341 -0.987793 58.838 
0.582497 -0.806292 0.102907 -7024.26 -0.812137 -0.572079 0.114713 84.0332 -0.033621 -0.150394 -0.988054 64.2668 
0.574322 -0.814985 0.0771569 -7031.74 -0.818411 -0.569436 0.077111 99.2945 -0.0189084 -0.107433 -0.994033 59.0067 
0.584935 -0.806515 0.0859283 -7017.77 -0.810886 -0.579189 0.0836847 81.5028 -0.0177242 -0.118628 -0.992781 61.9103 
0.573813 -0.817805 0.0439709 -7016.67 -0.818915 -0.572228 0.0439582 99.792 -0.0107879 -0.0612322 -0.998065 59.5192 
0.58078 -0.812794 0.0453845 -6998.77 -0.813956 -0.578911 0.0483401 84.3299 -0.0130169 -0.065016 -0.997799 62.7972 
0.573625 -0.819049 0.0106573 -7001.75 -0.819114 -0.573532 0.0106656 100.029 -0.00262333 -0.0148476 -0.999886 59.899 
-6
0.573672 -0.818772 -0.0226441 -6986.7 -0.819067 -0.573252 -0.0226192 100.48 0.00553923 0.031523 -0.999488 60.2406 
0.584397 -0.81142 -0.00878797 -6977.05 -0.811406 -0.584185 -0.0186457 81.3614 0.00999567 0.0180271 -0.999788 56.887 
0.573981 -0.816958 -0.055902 -6971.76 -0.818753 -0.571418 -0.0558958 101.103 0.0137211 0.0778531 -0.99687 60.5046 
0.582766 -0.810887 -0.0533427 -6988.5 -0.812556 -0.580508 -0.0525632 80.0949 0.011657 0.073976 -0.997192 64.0385 
0.574595 -0.81358 -0.0890343 -6956.71 -0.818146 -0.568077 -0.089031 101.506 0.0218555 0.124 -0.992042 60.6527 
0.586491 -0.804036 -0.0977474 -6974.1 -0.809769 -0.579479 -0.0920781 77.3036 0.0173915 0.133156 -0.990943 69.7814 
0.575443 -0.808698 -0.121954 -6941.76 -0.817294 -0.563168 -0.121956 102.167 0.0299448 0.16985 -0.985015 60.8087 
0.588658 -0.800023 -0.115948 -6958.68 -0.807851 -0.576993 -0.120232 75.7243 0.0292875 0.164444 -0.985951 64.5305 
0.576566 -0.802285 -0.154626 -6926.74 -0.816168 -0.556746 -0.154606 102.556 0.0379505 0.215342 -0.975801 61.1522 
-6
0.57798 -0.794346 -0.186958 -6911.69 -0.814761 -0.54884 -0.186921 103.031 0.0458701 0.260362 -0.964421 61.5744 
0.586812 -0.789791 -0.178553 -6921.26 -0.808205 -0.557799 -0.188849 77.1926 0.0495547 0.255126 -0.965637 65.6502 
0.579655 -0.784926 -0.218843 -6896.75 -0.813091 -0.539449 -0.21881 103.494 0.0536947 0.304773 -0.95091 62.0618 
-6
0.581558 -0.774052 -0.250267 -6881.74 -0.811182 -0.528543 -0.250252 103.945 0.0614312 0.348548 -0.935276 62.1917 
0.591183 -0.769848 -0.240494 -6880.02 -0.804674 -0.542731 -0.240711 83.3629 0.0547876 0.335823 -0.94033 70.0284 
0.583723 -0.761734 -0.281121 -6866.79 -0.809015 -0.516211 -0.281106 104.638 0.0690106 0.391519 -0.917578 62.6488 
0.598126 -0.752854 -0.274694 -6865.36 -0.799106 -0.534353 -0.275493 77.8482 0.0606229 0.384289 -0.92122 73.136 
0.586145 -0.747993 -0.311353 -6851.77 -0.806592 -0.502465 -0.311348 105.078 0.0764422 0.43363 -0.897843 62.8454 
0.598957 -0.740515 -0.304776 -6861.63 -0.797567 -0.517589 -0.309822 79.8417 0.0716786 0.428649 -0.900623 73.9237 
0.588811 -0.732867 -0.340892 -6836.74 -0.803925 -0.487331 -0.340901 105.585 0.0837075 0.474777 -0.876116 63.063 
0.604402 -0.724384 -0.331612 -6854.17 -0.792329 -0.503114 -0.345095 78.6013 0.0831429 0.471322 -0.878033 72.6162 
0.591708 -0.716382 -0.369701 -6821.72 -0.801024 -0.470829 -0.369703 106.104 0.0907823 0.514896 -0.852432 63.4853 
0.603367 -0.709943 -0.363221 -6840.96 -0.792339 -0.482144 -0.373812 79.6376 0.0902602 0.51334 -0.853426 74.9653 
0.594846 -0.698592 -0.397654 -6806.78 -0.797885 -0.453029 -0.397673 106.735 0.0976622 0.553836 -0.826878 63.6065 
0.609691 -0.691053 -0.38823 -6813.13 -0.787141 -0.470275 -0.399061 77.8783 0.0931976 0.548896 -0.830679 78.1438 
0.59823 -0.679481 -0.424765 -6791.77 -0.794507 -0.433957 -0.424782 107.104 0.104302 0.591597 -0.799459 64.0958 
0.608752 -0.674892 -0.417064 -6758.69 -0.786621 -0.445075 -0.427943 89.5569 0.10319 0.588582 -0.801825 76.1429 
0.601798 -0.659193 -0.450892 -6776.66 -0.790933 -0.413632 -0.450925 107.565 0.110743 0.627991 -0.7703 64.3106 
0.60597 -0.65965 -0.444592 -6745.51 -0.787898 -0.420681 -0.449715 94.7282 0.109623 0.622807 -0.774658 76.7822 
0.60561 -0.637683 -0.476022 -6761.74 -0.787129 -0.392165 -0.476062 107.96 0.116898 0.662999 -0.739437 64.5429 
0.61111 -0.633517 -0.474553 -6724.9 -0.783361 -0.398055 -0.477387 95.5557 0.113535 0.663482 -0.739527 77.8003 
0.609568 -0.615062 -0.500127 -6746.73 -0.783162 -0.369493 -0.500132 108.603 0.122818 0.696544 -0.706924 64.94 
0.617385 -0.611565 -0.494797 -6717.11 -0.777621 -0.379374 -0.501378 93.4379 0.118912 0.694308 -0.709786 81.8619 
0.613779 -0.591312 -0.523092 -6731.81 -0.778956 -0.345772 -0.523134 108.996 0.128465 0.728554 -0.672834 65.1447 
0.620546 -0.580647 -0.52704 -6689.22 -0.775005 -0.351665 -0.525071 97.8057 0.119539 0.73429 -0.668229 82.0555 
0.618121 -0.56657 -0.544908 -6716.71 -0.774605 -0.320979 -0.54494 109.609 0.133842 0.758927 -0.637272 65.3103 
0.633595 -0.553047 -0.541014 -6700.12 -0.763299 -0.332762 -0.553755 85.9462 0.126224 0.763812 -0.632976 83.6903 
0.622703 -0.540728 -0.565556 -6701.69 -0.770067 -0.295388 -0.565458 110.011 0.138701 0.787629 -0.600336 65.9646 
0.6381 -0.523663 -0.564451 -6700.65 -0.759019 -0.304714 -0.575361 87.1407 0.129299 0.795567 -0.591908 82.9483 
0.62739 -0.514079 -0.584897 -6686.7 -0.765366 -0.268659 -0.58484 110.464 0.143516 0.814583 -0.562012 66.1773 
0.640677 -0.495614 -0.58643 -6687.86 -0.756127 -0.274527 -0.594059 88.3561 0.133433 0.824016 -0.55063 87.1178 
0.632229 -0.486541 -0.602963 -6671.7 -0.760495 -0.240936 -0.602991 110.955 0.148105 0.839778 -0.522338 66.3611 
0.641846 -0.469677 -0.606166 -6658.31 -0.754189 -0.243685 -0.609767 92.7177 0.13868 0.848541 -0.510634 86.4297 
0.637221 -0.458183 -0.619692 -6656.78 -0.7555 -0.212564 -0.619707 111.46 0.152215 0.863067 -0.481607 66.9358 
0.643503 -0.449134 -0.619825 -6642.06 -0.751032 -0.214084 -0.624594 94.9901 0.147832 0.867437 -0.475078 82.7376 
0.642374 -0.429058 -0.635031 -6641.79 -0.750384 -0.183653 -0.634976 111.973 0.155816 0.88441 -0.439933 67.1626 
0.648908 -0.428563 -0.62869 -6616.59 -0.744582 -0.187642 -0.640616 91.2701 0.156576 0.883812 -0.440863 78.6966 
0.647617 -0.399302 -0.64896 -6626.81 -0.745132 -0.153843 -0.648931 112.457 0.159282 0.90382 -0.397164 67.3427 
0.660627 -0.398982 -0.635913 -6617.72 -0.733656 -0.163577 -0.659539 85.5293 0.159124 0.90225 -0.400779 78.1054 
0.652996 -0.368861 -0.661466 -6611.82 -0.739766 -0.123478 -0.661437 112.948 0.162302 0.921246 -0.353501 67.7593 
0.663437 -0.362333 -0.65465 -6606.56 -0.731659 -0.131028 -0.668959 91.8276 0.156609 0.922793 -0.352033 82.9351 
0.65845 -0.337932 -0.672492 -6596.72 -0.734305 -0.0925044 -0.672487 113.449 0.165047 0.936613 -0.309055 67.9308 
0.663844 -0.331439 -0.670417 -6578.6 -0.730601 -0.0958765 -0.676039 98.1659 0.159789 0.938592 -0.305797 81.7175 
0.663956 -0.306527 -0.682058 -6581.81 -0.728791 -0.0610558 -0.682009 114.088 0.16741 0.949902 -0.263932 68.2972 
0.667085 -0.315743 -0.674762 -6580.38 -0.726614 -0.0758744 -0.682843 98.6953 0.164406 0.945806 -0.280038 81.7511 
0.669584 -0.274665 -0.690084 -6566.73 -0.723176 -0.0292675 -0.690044 114.487 0.169334 0.961095 -0.218228 68.7029 
0.675827 -0.288414 -0.678288 -6563.78 -0.717779 -0.0484239 -0.694585 98.2032 0.167483 0.95628 -0.239744 81.6617 
0.675254 -0.242513 -0.696577 -6551.76 -0.7175 0.00291927 -0.696553 114.969 0.170957 0.970144 -0.172032 69.0034 
0.68123 -0.257915 -0.685131 -6545.43 -0.71112 -0.010849 -0.702987 98.4518 0.173878 0.966107 -0.190799 77.7394 
0.680964 -0.210102 -0.70153 -6536.77 -0.711786 0.0353536 -0.701507 115.515 0.17219 0.97704 -0.125473 69.2019 
0.686514 -0.240329 -0.686251 -6544.7 -0.704046 0.01615 -0.709971 95.5503 0.18171 0.970557 -0.158116 70.6237 
0.686719 -0.177462 -0.704928 -6521.72 -0.706033 0.067978 -0.704909 115.906 0.173014 0.981777 -0.0786125 69.5397 
-6
0.692476 -0.144745 -0.706771 -6506.73 -0.700269 0.100733 -0.706736 116.503 0.173491 0.984328 -0.0316051 69.9103 
0.69714 -0.155305 -0.699912 -6496.77 -0.695555 0.0901237 -0.712798 102.539 0.17378 0.983747 -0.0451948 83.0709 
0.698253 -0.111928 -0.707047 -6491.76 -0.694494 0.133544 -0.706996 117.067 0.173555 0.984702 0.0155145 70.099 
0.702042 -0.127281 -0.700669 -6489.17 -0.690702 0.117873 -0.713468 101.038 0.173401 0.984838 -0.00516118 82.2633 
0.704024 -0.0791512 -0.705752 -6476.78 -0.688721 0.166335 -0.705689 117.609 0.173247 0.982887 0.0625908 70.3854 
0.70677 -0.0907821 -0.701595 -6452.45 -0.685658 0.156318 -0.710942 107.877 0.174213 0.983526 0.0482355 88.6812 
0.709795 -0.0465354 -0.702869 -6461.82 -0.682943 0.198986 -0.702847 118.017 0.172569 0.978897 0.109458 70.2165 
0.711475 -0.0596663 -0.700173 -6428.76 -0.68041 0.190532 -0.70763 109.091 0.175627 0.979866 0.094961 86.3015 
0.715519 -0.0139846 -0.698453 -6446.84 -0.677224 0.231508 -0.698406 118.617 0.171464 0.972733 0.156177 70.9503 
0.718241 -0.017428 -0.695576 -6416.89 -0.674523 0.227856 -0.702211 109.44 0.170729 0.973539 0.1519 85.3 
0.72122 0.0183158 -0.692464 -6431.89 -0.671539 0.263718 -0.692451 119.025 0.169933 0.964426 0.202499 71.6471 
0.724797 0.0159467 -0.688778 -6414.69 -0.666599 0.268885 -0.695232 106.871 0.174115 0.96304 0.205517 87.265 
0.726845 0.05024 -0.684961 -6416.82 -0.665909 0.295669 -0.684942 119.599 0.16811 0.953968 0.248361 71.9623 
0.731451 0.0516553 -0.679935 -6407.29 -0.661307 0.296902 -0.688856 104.568 0.166291 0.95351 0.251329 92.9902 
0.732409 0.0819212 -0.675919 -6401.77 -0.660346 0.32735 -0.675859 120.074 0.165895 0.941345 0.293851 72.0772 
-6
0.737898 0.112928 -0.665398 -6386.82 -0.654852 0.358385 -0.665379 120.453 0.163328 0.926719 0.338403 72.2902 
0.740054 0.124371 -0.660947 -6373.43 -0.652691 0.369853 -0.661214 111.088 0.162218 0.920728 0.354888 92.9192 
0.743291 0.143561 -0.653383 -6371.86 -0.649455 0.389042 -0.653341 120.959 0.160399 0.909965 0.382408 72.5111 
0.741322 0.160722 -0.651621 -6347.01 -0.651865 0.403493 -0.642079 119.42 0.159729 0.900756 0.403887 94.5193 
0.74858 0.173553 -0.639927 -6356.73 -0.644171 0.419003 -0.639907 121.457 0.157073 0.891244 0.425455 72.7363 
0.749871 0.189456 -0.633877 -6334.96 -0.643423 0.431793 -0.632109 115.378 0.153947 0.881851 0.445689 94.625 
0.753757 0.202889 -0.625049 -6341.88 -0.638986 0.448386 -0.625018 121.916 0.153454 0.870509 0.467617 73.1713 
0.753398 0.215274 -0.621328 -6328.02 -0.640241 0.455616 -0.618471 116.871 0.149946 0.863754 0.481087 97.0041 
0.758806 0.231463 -0.6088 -6326.82 -0.633939 0.476942 -0.608808 122.454 0.149446 0.84791 0.50864 73.5117 
0.760879 0.239478 -0.603086 -6330.43 -0.631443 0.487347 -0.603135 114.422 0.149474 0.839728 0.522029 100.484 
0.763696 0.259375 -0.591179 -6311.78 -0.629047 0.504869 -0.591107 122.939 0.14515 0.823305 0.548726 73.7927 
0.764652 0.260529 -0.589434 -6312.57 -0.627305 0.510441 -0.588166 117.251 0.147638 0.819497 0.55374 95.1581 
0.768467 0.286275 -0.572281 -6296.86 -0.624275 0.531771 -0.572276 123.362 0.140494 0.797036 0.587363 74.0328 
0.766096 0.280856 -0.578116 -6301.25 -0.62558 0.532215 -0.570437 119.793 0.147471 0.798666 0.583425 89.8937 
0.773069 0.3124 -0.552061 -6281.82 -0.61967 0.557916 -0.552032 123.91 0.135549 0.768854 0.624892 74.3094 
0.777845 0.307723 -0.547963 -6286.19 -0.613291 0.56207 -0.554934 111.452 0.137228 0.767713 0.625927 92.4218 
0.777495 0.337531 -0.530636 -6266.76 -0.615249 0.583024 -0.530615 124.491 0.130274 0.739024 0.660963 74.7317 
0.777562 0.328657 -0.53608 -6304.4 -0.613468 0.583645 -0.531992 112.437 0.138038 0.742525 0.655441 89.9854 
0.781733 0.36164 -0.508045 -6251.85 -0.611005 0.607162 -0.507964 124.953 0.124766 0.70751 0.695602 74.9501 
0.782476 0.36029 -0.50786 -6269.67 -0.609403 0.610624 -0.505733 111.466 0.127901 0.705216 0.697361 93.6698 
0.78579 0.384622 -0.484356 -6236.73 -0.606943 0.630172 -0.484255 125.39 0.118973 0.674499 0.728626 75.1498 
0.791932 0.378203 -0.479381 -6232.23 -0.598482 0.63646 -0.486556 110.133 0.12109 0.672221 0.730381 95.6175 
0.789658 0.406546 -0.459521 -6221.81 -0.603078 0.652077 -0.459448 125.842 0.112856 0.639935 0.760097 75.5122 
0.796353 0.396716 -0.456551 -6211.04 -0.594095 0.654664 -0.467404 109.918 0.113461 0.643453 0.75703 94.5067 
0.793307 0.427246 -0.433734 -6206.76 -0.599431 0.672769 -0.433664 126.426 0.106522 0.604023 0.789816 75.9211 
0.79512 0.415376 -0.441868 -6203.12 -0.596166 0.668992 -0.443888 114.185 0.111226 0.616371 0.779561 89.939 
0.796746 0.446749 -0.406954 -6191.74 -0.595993 0.692266 -0.406892 126.957 0.0999422 0.566731 0.817819 76.0926 
0.796756 0.43488 -0.419594 -6167.1 -0.595392 0.683712 -0.421955 117.076 0.103382 0.586019 0.803676 91.3293 
0.799966 0.465024 -0.379219 -6176.72 -0.592791 0.710435 -0.379316 127.547 0.093019 0.528238 0.843986 76.4428 
0.805374 0.449648 -0.386249 -6145.5 -0.585594 0.704591 -0.400788 114.834 0.091934 0.54897 0.830771 93.2148 
0.802951 0.481942 -0.350715 -6161.7 -0.589789 0.727452 -0.350661 128.023 0.0861302 0.488411 0.868353 76.7658 
0.805829 0.464761 -0.36693 -6142.37 -0.585735 0.716575 -0.378727 114.347 0.0869152 0.520113 0.849664 94.7143 
0.8057 0.497531 -0.321418 -6146.7 -0.587051 0.742977 -0.32149 128.529 0.078855 0.447714 0.890693 76.9177 
0.801994 0.496168 -0.332601 -6127.15 -0.591952 0.734729 -0.331309 127.747 0.079987 0.462591 0.882956 96.5706 
0.808206 0.511734 -0.29143 -6131.79 -0.584546 0.757177 -0.29153 128.941 0.0714784 0.405971 0.911087 77.4183 
0.805911 0.511637 -0.297886 -6100.12 -0.587706 0.752118 -0.298193 129.538 0.0714792 0.415386 0.906832 95.923 
0.81046 0.524525 -0.26082 -6116.8 -0.582288 0.769992 -0.260872 129.402 0.0639956 0.363299 0.929472 77.5943 
0.813988 0.520767 -0.257342 -6065.44 -0.577157 0.775156 -0.256949 124.48 0.0656702 0.35768 0.931532 94.1092 
0.812469 0.535918 -0.229533 -6101.77 -0.58028 0.781376 -0.229624 130.03 0.0562922 0.319756 0.945826 77.9584 
0.818039 0.530705 -0.221732 -6052.63 -0.572768 0.786807 -0.229937 126.137 0.0524313 0.315098 0.94761 96.8614 
0.814215 0.545812 -0.197848 -6086.79 -0.578533 0.791275 -0.197946 130.419 0.0485107 0.275633 0.960038 78.192 
0.820087 0.539362 -0.19117 -6067.77 -0.570948 0.793652 -0.210083 120.26 0.0384116 0.281435 0.958811 98.6021 
