
0.030103 0.170749 -0.984855 -8442.23 -0.98481 0.173635 2.13701e-06 51.8056 0.171005 0.969895 0.173382 31.2855 
0.067178 0.176867 -0.98194 -8475.73 -0.985726 0.164037 -0.0378907 32.1853 0.154373 0.970469 0.185362 63.9262 
0.0381297 0.216182 -0.975608 -8427.32 -0.984809 0.173641 -1.29083e-05 52.3481 0.169402 0.960788 0.219518 31.9369 
0.0662885 0.23206 -0.97044 -8433.41 -0.985418 0.167969 -0.0271453 39.8619 0.156705 0.958089 0.239811 66.3432 
0.046054 0.261322 -0.964152 -8412.32 -0.984808 0.173644 2.34745e-05 52.8453 0.167425 0.949504 0.265349 32.488 
-6
0.053851 0.305688 -0.950608 -8397.32 -0.984811 0.173627 4.49287e-05 53.487 0.165065 0.936167 0.310395 32.3761 
-6
0.0615685 0.349417 -0.934942 -8382.32 -0.984808 0.173647 4.52315e-05 53.9421 0.162366 0.920736 0.3548 32.3806 
-6
0.069176 0.39228 -0.917241 -8367.27 -0.984811 0.173631 -1.46407e-05 54.1116 0.159256 0.90331 0.398332 32.6556 
-6
0.0765803 0.434471 -0.897425 -8352.27 -0.984809 0.173641 2.76701e-05 54.8731 0.155842 0.88379 0.441168 32.813 
-6
0.0838055 0.475614 -0.875653 -8337.27 -0.984809 0.173641 6.14559e-05 55.4483 0.152079 0.862346 0.482941 33.2395 
0.0837027 0.4549 -0.8866 -8468.65 -0.983556 0.180603 -0.000191575 31.8857 0.160036 0.872037 0.462537 55.6082 
0.090883 0.515606 -0.851992 -8322.3 -0.984811 0.173627 2.41094e-05 55.9269 0.147942 0.83905 0.523554 33.7069 
-6
0.0977549 0.554625 -0.826338 -8307.24 -0.984812 0.173625 3.21602e-05 56.3686 0.143491 0.813784 0.563174 33.8724 
-6
0.104394 0.592337 -0.798898 -8292.26 -0.984808 0.173649 6.3586e-05 56.8607 0.138766 0.786755 0.601466 34.2554 
-6
0.110814 0.628645 -0.769757 -8277.28 -0.984811 0.173628 2.55641e-05 57.4665 0.133667 0.758063 0.638337 34.5015 
0.15606 0.603166 -0.7822 -8452.75 -0.97722 0.209591 -0.0333503 13.0637 0.143826 0.769586 0.622134 50.2574 
0.116997 0.663614 -0.738869 -8262.3 -0.984812 0.173627 1.36348e-06 57.9344 0.128288 0.727647 0.673849 34.8012 
-6
0.122891 0.697164 -0.7063 -8247.25 -0.984829 0.17353 -6.77892e-05 58.4277 0.122517 0.695593 0.707912 35.1767 
0.134809 0.691833 -0.709362 -8296.39 -0.984175 0.176576 -0.0148226 40.1254 0.115002 0.700135 0.704689 65.9089 
0.128565 0.729207 -0.672107 -8232.3 -0.984806 0.173658 3.01197e-05 58.8116 0.116738 0.661891 0.740454 35.4807 
0.16042 0.72473 -0.670099 -8292.42 -0.97961 0.200089 -0.0181138 24.1919 0.120952 0.659341 0.742051 69.8505 
0.133915 0.759567 -0.636494 -8217.24 -0.98481 0.173636 1.17185e-05 59.3143 0.110527 0.626824 0.771282 35.8432 
0.173869 0.750966 -0.63704 -8289.91 -0.978042 0.207166 -0.0227249 20.7629 0.114907 0.627003 0.770496 68.0077 
0.138953 0.788165 -0.599573 -8202.21 -0.984811 0.173632 1.47702e-05 59.863 0.104117 0.590464 0.80032 36.0382 
0.177748 0.787073 -0.590697 -8272.35 -0.978693 0.204083 -0.022571 28.7776 0.102786 0.582123 0.806578 71.5 
0.143698 0.815061 -0.561272 -8187.27 -0.98481 0.173637 1.70316e-05 60.3093 0.0974714 0.552743 0.827632 36.2855 
-6
0.148116 0.840283 -0.521522 -8172.22 -0.98481 0.173634 6.82893e-05 60.879 0.0906111 0.51359 0.853238 36.6296 
0.207869 0.832024 -0.514322 -8203.7 -0.974417 0.222075 -0.0345689 35.0624 0.0854558 0.50835 0.8569 71.675 
0.152239 0.863489 -0.480844 -8157.26 -0.984808 0.173647 3.4108e-05 61.3468 0.0835266 0.473534 0.876806 37.0481 
-6
0.155976 0.884802 -0.439087 -8142.24 -0.984813 0.173618 2.32427e-05 61.9763 0.0762539 0.432415 0.898445 37.1005 
-6
0.159401 0.904187 -0.396279 -8127.21 -0.984811 0.173628 3.08041e-05 62.3272 0.0688328 0.390255 0.91813 37.5428 
0.137583 0.908248 -0.395166 -8129.81 -0.988769 0.149452 -0.000754799 58.8151 0.0583727 0.390832 0.918609 72.6311 
0.162456 0.921577 -0.352568 -8112.2 -0.984811 0.173629 6.61562e-05 62.8924 0.0612768 0.347202 0.935786 37.7621 
0.158728 0.923923 -0.348097 -8136.03 -0.985668 0.16869 -0.00171348 51.9389 0.0571373 0.34338 0.937457 70.1943 
0.165161 0.936885 -0.30817 -8097.24 -0.984812 0.173622 3.48592e-05 63.4409 0.0535377 0.303484 0.951331 38.146 
0.160962 0.939944 -0.300992 -8112.63 -0.98551 0.169596 0.00259463 53.3473 0.0534859 0.296213 0.953623 69.861 
0.167496 0.950129 -0.263059 -8082.24 -0.984814 0.173616 1.93262e-05 63.9417 0.0456896 0.259061 0.96478 38.5199 
0.166014 0.949154 -0.267481 -8121.09 -0.984801 0.173617 0.00485493 44.5277 0.0510473 0.262609 0.963551 67.976 
0.169441 0.961274 -0.217354 -8067.21 -0.984817 0.173594 1.52102e-05 64.5224 0.0377461 0.214051 0.976093 38.6731 
0.198171 0.955553 -0.218283 -8100.02 -0.97926 0.202596 -0.0021511 34.7777 0.0421679 0.214182 0.975883 70.5297 
0.171049 0.970284 -0.171146 -8052.3 -0.984813 0.173616 3.01102e-05 64.9377 0.0297429 0.168542 0.985246 38.8164 
-6
0.172252 0.977155 -0.12449 -8037.31 -0.984815 0.173606 3.52092e-05 65.5194 0.0216466 0.122593 0.992221 39.342 
0.194193 0.978216 -0.0733724 -8130.85 -0.980928 0.19428 -0.0060139 41.4207 0.00837189 0.0731408 0.997286 91.6299 
0.173115 0.981842 -0.0775778 -8022.19 -0.984809 0.173643 6.76497e-05 65.8741 0.0135373 0.0763875 0.996986 39.5988 
0.209058 0.9757 -0.0656038 -8115.91 -0.977854 0.209248 -0.00403048 42.0789 0.00979495 0.0649936 0.997838 71.1898 
0.173519 0.984354 -0.0306206 -8007.3 -0.984816 0.173602 5.15455e-05 66.5755 0.00536654 0.0301467 0.999531 40.0689 
0.20901 0.977597 -0.0248633 -8050.95 -0.977835 0.209248 0.00735189 40.4054 0.0123898 0.0227756 0.999664 69.3662 
0.173584 0.98468 0.0165569 -7992.28 -0.984815 0.173607 6.22594e-05 67.0502 -0.00281309 -0.0163163 0.999863 40.3539 
0.197799 0.979987 0.0223726 -7997.2 -0.980243 0.197755 0.0041915 44.0257 -0.000316677 -0.0227597 0.999741 73.3936 
0.173259 0.982826 0.0635124 -7977.24 -0.984815 0.173608 3.31829e-05 67.456 -0.0109936 -0.0625537 0.997981 40.5074 
0.198964 0.977836 0.0651999 -8032.65 -0.979937 0.199301 0.00134837 44.5029 -0.0116759 -0.0641601 0.997871 68.2771 
0.172561 0.978779 0.110515 -7962.23 -0.984813 0.173616 7.26081e-05 67.875 -0.0191161 -0.108849 0.993874 40.9434 
0.18097 0.97965 0.0868108 -8009.47 -0.983361 0.181664 -9.31966e-05 50.9782 -0.0158617 -0.0853495 0.996225 59.0948 
0.171457 0.972594 0.157049 -7947.25 -0.984816 0.173601 6.59212e-05 68.4926 -0.0271997 -0.154676 0.987591 41.0232 
-6
0.169979 0.96422 0.203437 -7932.3 -0.984818 0.173593 8.04603e-05 68.9011 -0.0352376 -0.200362 0.979088 41.5198 
0.189635 0.963464 0.189143 -8010.46 -0.981474 0.191378 0.00917925 43.3921 -0.0273539 -0.18738 0.981907 58.751 
0.168113 0.953716 0.249327 -7917.2 -0.98482 0.173581 5.46931e-05 69.5093 -0.0432264 -0.245552 0.968419 41.7594 
0.202284 0.944981 0.257086 -7946.37 -0.978623 0.205 0.0164845 55.8009 -0.0371252 -0.254925 0.966248 63.9585 
0.16591 0.941093 0.294648 -7902.23 -0.984818 0.173593 8.23844e-05 69.9357 -0.0510713 -0.290188 0.955606 42.2263 
0.184157 0.931778 0.312851 -7956.3 -0.981555 0.190968 0.00901644 42.1283 -0.0513433 -0.308741 0.949759 65.9311 
0.163323 0.92641 0.339249 -7887.18 -0.984815 0.173606 3.51748e-05 70.3934 -0.0588631 -0.334103 0.940697 42.2388 
-6
0.160366 0.909621 0.383238 -7872.31 -0.984816 0.1736 5.36638e-05 70.9371 -0.0664814 -0.377428 0.92365 42.5288 
0.141089 0.906175 0.398675 -7833.37 -0.987618 0.156736 -0.0067423 75.7542 -0.0685963 -0.392787 0.917068 69.4069 
0.157059 0.890824 0.42634 -7857.25 -0.984818 0.173587 9.06106e-05 71.4213 -0.0739265 -0.419881 0.904563 42.924 
0.145229 0.887375 0.437577 -7789.46 -0.986476 0.163835 -0.00484063 69.4294 -0.0759858 -0.430956 0.899168 68.2085 
0.153403 0.87007 0.46845 -7842.22 -0.984815 0.173606 5.0711e-05 71.7975 -0.0812818 -0.461345 0.88349 43.1888 
0.146539 0.865366 0.479238 -7787.25 -0.985406 0.170121 -0.00587739 66.2399 -0.0866143 -0.471382 0.877666 68.9827 
0.149436 0.847419 0.50946 -7827.27 -0.984812 0.173626 6.20903e-05 72.0869 -0.0884031 -0.501732 0.860494 43.3774 
0.133817 0.838963 0.527479 -7769.05 -0.986537 0.163265 -0.00939868 63.6133 -0.0940042 -0.51912 0.849516 69.3793 
0.145086 0.822824 0.549463 -7812.25 -0.984818 0.173587 9.31723e-05 72.5609 -0.0953032 -0.541135 0.835518 43.8754 
0.119575 0.819961 0.559791 -7777.44 -0.987723 0.155335 -0.0165452 74.0845 -0.100521 -0.55094 0.828469 68.2421 
0.140427 0.796443 0.588183 -7797.29 -0.984818 0.173592 6.66078e-05 73.2484 -0.102051 -0.579262 0.808728 44.1344 
0.159942 0.781592 0.602937 -7757.89 -0.981152 0.192974 0.010119 54.9942 -0.108442 -0.593191 0.797725 69.2321 
0.13546 0.768338 0.625546 -7782.25 -0.984816 0.1736 3.19527e-05 73.8832 -0.10857 -0.616052 0.780188 44.3249 
-6
0.130186 0.738463 0.661607 -7767.32 -0.984822 0.173568 5.55987e-05 74.3293 -0.114793 -0.651572 0.749851 44.6467 
0.134718 0.72054 0.6802 -7708.2 -0.983651 0.180039 0.00410249 65.6779 -0.119506 -0.669632 0.733015 67.1611 
0.124641 0.706994 0.69615 -7752.2 -0.98482 0.173579 4.14806e-05 74.8493 -0.120808 -0.685587 0.717897 44.8262 
0.145016 0.679732 0.718982 -7729.54 -0.97998 0.198861 0.00965269 51.392 -0.136417 -0.705988 0.694961 72.4871 
0.118824 0.673873 0.72923 -7737.18 -0.984822 0.173569 7.77787e-05 75.2647 -0.126519 -0.718171 0.684269 45.1738 
-6
0.112701 0.639303 0.760651 -7722.26 -0.984825 0.173552 5.04852e-05 75.9158 -0.131981 -0.749114 0.649161 45.5417 
-6
0.106346 0.603373 0.790336 -7707.25 -0.984825 0.173551 2.08945e-05 76.5135 -0.137151 -0.778345 0.612673 45.8285 
-6
0.0998117 0.566022 0.818326 -7692.24 -0.984819 0.173585 5.31887e-05 76.8449 -0.142019 -0.805908 0.574755 45.9724 
-6
0.0929876 0.527446 0.844485 -7677.35 -0.984824 0.173556 4.14203e-05 77.4015 -0.146544 -0.831673 0.53558 46.5016 
0.0805752 0.491139 0.867346 -7613.73 -0.981433 0.191051 -0.01701 65.4148 -0.174062 -0.849871 0.497414 94.3403 
0.0860032 0.487765 0.868728 -7662.27 -0.984821 0.173576 3.87186e-05 77.7425 -0.150771 -0.855545 0.495289 46.8147 
-6
0.0788531 0.446886 0.891109 -7647.27 -0.984804 0.173668 5.07183e-05 78.2479 -0.154734 -0.877572 0.453789 47.1676 
0.0763654 0.446997 0.89127 -7697.39 -0.98616 0.165793 0.00134573 68.3202 -0.147165 -0.879037 0.453471 57.2773 
0.071444 0.405114 0.91147 -7632.27 -0.984822 0.17357 4.83545e-05 78.7647 -0.158184 -0.897639 0.411366 47.3721 
0.072643 0.391826 0.917167 -7642.91 -0.984225 0.176905 0.00237784 61.8226 -0.16132 -0.902871 0.398496 71.9328 
0.0639001 0.362292 0.929872 -7617.3 -0.984794 0.173725 -1.15474e-05 79.2972 -0.161546 -0.915731 0.367884 47.8123 
0.0916666 0.361447 0.927876 -7696.03 -0.982305 0.185646 0.0247266 47.1285 -0.163319 -0.913724 0.372069 58.4675 
0.0562484 0.31889 0.946121 -7602.21 -0.984822 0.17357 4.76377e-05 79.761 -0.164203 -0.931763 0.323812 48.0254 
0.0861375 0.318559 0.943981 -7673.3 -0.981888 0.187629 0.0262787 48.891 -0.168747 -0.929148 0.328951 57.6886 
0.0484331 0.274662 0.96032 -7587.33 -0.984824 0.173559 2.93081e-05 80.334 -0.166664 -0.945748 0.278899 48.2824 
-6
0.0405376 0.229842 0.972383 -7572.26 -0.984826 0.173547 3.48836e-05 80.8053 -0.168746 -0.957629 0.23339 48.6678 
0.0480771 0.222924 0.973649 -7587.79 -0.983883 0.178648 0.00767961 60.2057 -0.172228 -0.958326 0.22792 64.9158 
0.0325493 0.184393 0.982313 -7557.29 -0.984825 0.173551 5.47099e-05 81.2976 -0.170472 -0.967408 0.187244 48.8542 
0.0473887 0.17389 0.983624 -7579.36 -0.982815 0.183995 0.0148222 61.0685 -0.178404 -0.967424 0.179621 68.2405 
0.0245076 0.138678 0.990034 -7542.27 -0.984823 0.173559 6.7458e-05 81.5201 -0.17182 -0.975011 0.140827 49.4556 
0.0617447 0.132708 0.98923 -7583.59 -0.981557 0.187732 0.0360811 52.2693 -0.180922 -0.973214 0.141852 65.1289 
0.0163624 0.0926289 0.995566 -7527.29 -0.984825 0.173551 3.84375e-05 82.2602 -0.172778 -0.980459 0.0940629 49.5623 
0.0990564 0.0905763 0.990951 -7605.64 -0.980493 0.178782 0.0816697 22.7395 -0.169767 -0.979711 0.106519 56.7291 
0.00820343 0.0463929 0.99889 -7512.27 -0.984826 0.173544 2.77507e-05 82.7022 -0.17335 -0.983733 0.0471126 49.7209 
0.0780297 0.0486155 0.995765 -7592.56 -0.981479 0.179032 0.0681695 7.53554 -0.174959 -0.982641 0.0616849 52.4708 
2.82904e-05 4.54713e-05 1 -7497.21 -0.984826 0.173546 1.99698e-05 83.2376 -0.173546 -0.984826 4.9691e-05 50.0046 
0.0845661 -0.00495509 0.996406 -7512.87 -0.981072 0.174412 0.0841321 -0.415635 -0.174202 -0.98466 0.00988804 54.1155 
-0.00816179 -0.0463018 0.998894 -7482.28 -0.984828 0.173535 -2.98587e-06 83.8045 -0.173343 -0.983739 -0.0470156 50.3312 
-6
-0.0163104 -0.0926593 0.995564 -7467.23 -0.984797 0.173706 3.31993e-05 84.2681 -0.172939 -0.980429 -0.0940839 51.2457 
-6
-0.0244372 -0.138645 0.990041 -7452.31 -0.984798 0.173701 1.729e-05 84.9297 -0.171974 -0.97499 -0.140782 51.091 
0.000797463 -0.141103 0.989995 -7452.01 -0.984462 0.173728 0.0255543 62.4656 -0.175595 -0.974633 -0.138772 62.1699 
-0.0324676 -0.184403 0.982314 -7437.31 -0.984828 0.173533 2.53711e-05 85.2558 -0.170468 -0.96741 -0.187239 51.187 
-0.00911236 -0.189548 0.981829 -7432.16 -0.983847 0.177246 0.0250872 64.736 -0.17878 -0.965741 -0.188101 63.2095 
-0.0404639 -0.229712 0.972417 -7422.18 -0.984827 0.173539 1.4467e-05 85.8774 -0.168756 -0.957662 -0.233249 51.2731 
-6
-0.0483876 -0.274504 0.960368 -7407.15 -0.984827 0.173536 -1.77934e-05 86.4914 -0.166654 -0.945797 -0.278736 51.0662 
-0.0434699 -0.300892 0.952667 -7384.48 -0.98316 0.182302 0.0127174 73.0174 -0.1775 -0.936072 -0.303749 78.6115 
-0.0561769 -0.318793 0.946158 -7392.17 -0.984829 0.17353 -4.77117e-06 86.8475 -0.164185 -0.931804 -0.323705 51.6863 
-6
-0.0638452 -0.362324 0.929863 -7377.16 -0.984829 0.173526 -4.14322e-06 87.3788 -0.161354 -0.915757 -0.367906 52.153 
-0.0489338 -0.398312 0.915944 -7410.66 -0.983174 0.180798 0.0260973 65.9307 -0.175996 -0.899255 -0.400457 88.8846 
-0.0713784 -0.405019 0.911518 -7362.25 -0.984828 0.173536 -1.11151e-05 87.9123 -0.158177 -0.897689 -0.41126 52.5001 
-0.0746292 -0.409448 0.909276 -7333.31 -0.983329 0.181831 0.0011717 72.5657 -0.165814 -0.89403 -0.416192 75.7444 
-0.0787426 -0.446856 0.891134 -7347.17 -0.98483 0.173524 -8.67983e-06 88.3308 -0.154629 -0.877615 -0.453741 52.8062 
-6
-0.0859401 -0.487676 0.868785 -7332.28 -0.984802 0.173682 7.63745e-05 88.9003 -0.150929 -0.855574 -0.49519 53.1547 
-0.0932058 -0.47967 0.872484 -7323.97 -0.983954 0.178282 -0.00709905 69.4806 -0.152143 -0.859146 -0.48859 67.698 
-0.0929556 -0.527404 0.844514 -7317.23 -0.984804 0.173667 5.86258e-05 89.2078 -0.146695 -0.831676 -0.535533 53.6149 
-0.0710092 -0.538706 0.839496 -7280.82 -0.986217 0.164013 0.0218275 58.9367 -0.149447 -0.826375 -0.542927 70.4972 
-0.0997638 -0.565969 0.818368 -7302.15 -0.984804 0.173671 5.47956e-05 89.8436 -0.142158 -0.805927 -0.574694 53.7751 
-0.0736901 -0.599353 0.797086 -7290.4 -0.988281 0.151026 0.0221952 60.4957 -0.133684 -0.786109 -0.603458 72.8244 
-0.106322 -0.603302 0.790393 -7287.17 -0.984829 0.173528 -2.472e-05 90.3447 -0.13714 -0.778405 -0.6126 54.1679 
-6
-0.112676 -0.639275 0.760679 -7272.21 -0.984804 0.173669 7.76485e-05 90.8982 -0.132156 -0.749111 -0.649129 54.4344 
-0.0772984 -0.652918 0.753474 -7309.38 -0.98851 0.148652 0.0274028 59.3867 -0.129897 -0.742698 -0.656907 56.2295 
-0.118776 -0.673844 0.729264 -7257.27 -0.984804 0.17367 7.57286e-05 91.2783 -0.126703 -0.718173 -0.684232 54.8558 
-0.0876163 -0.679434 0.728487 -7326.19 -0.987611 0.154819 0.0256122 54.9671 -0.130185 -0.717218 -0.684581 55.3746 
-0.124583 -0.706923 0.696232 -7242.3 -0.984806 0.173658 0.000104552 91.9566 -0.12098 -0.685641 -0.717817 55.0173 
-0.0937611 -0.719681 0.687945 -7309.76 -0.988277 0.150902 0.0231695 53.0725 -0.120487 -0.677708 -0.725393 59.5421 
-0.130171 -0.738416 0.661663 -7227.26 -0.984805 0.173663 6.49864e-05 92.4029 -0.114954 -0.6516 -0.749802 55.3685 
-0.0848643 -0.758646 0.645952 -7251.68 -0.989822 0.138516 0.0326408 57.3721 -0.114238 -0.636608 -0.76268 66.6441 
-0.13543 -0.768265 0.625642 -7212.23 -0.984806 0.17366 7.18857e-05 92.928 -0.108704 -0.616126 -0.78011 55.5872 
-0.0838927 -0.811343 0.578519 -7231.4 -0.990455 0.131614 0.0409531 57.5913 -0.109368 -0.569562 -0.81464 68.2482 
-0.140397 -0.796417 0.588225 -7197.28 -0.984824 0.173558 -7.13554e-05 93.3847 -0.102034 -0.579308 -0.808697 55.9268 
-6
-0.145054 -0.822825 0.549471 -7182.17 -0.984807 0.173652 6.27843e-05 93.82 -0.0954682 -0.541114 -0.835513 56.356 
-6
-0.149379 -0.84739 0.509526 -7167.25 -0.984809 0.173644 6.75494e-05 94.4138 -0.0885333 -0.501775 -0.860455 56.5806 
-0.098531 -0.889008 0.447164 -7123.93 -0.990303 0.13182 0.0438611 62.4771 -0.0979379 -0.438506 -0.893376 71.3373 
-0.15339 -0.87006 0.468474 -7152.23 -0.984808 0.173645 4.70693e-05 94.8586 -0.0813892 -0.46135 -0.883477 56.7892 
-0.0862288 -0.862072 0.499396 -7100.4 -0.991952 0.120939 0.0374911 49.8611 -0.0927162 -0.492144 -0.865562 73.9546 
-0.157019 -0.890836 0.426329 -7137.24 -0.984813 0.173618 7.22344e-05 95.2374 -0.0740827 -0.419843 -0.904568 57.2121 
-6
-0.160348 -0.909603 0.383289 -7122.21 -0.98481 0.173633 6.35085e-05 95.8906 -0.0666095 -0.377457 -0.923628 57.6041 
-0.069862 -0.924831 0.373908 -7275.04 -0.994818 0.0923472 0.042539 53.3915 -0.0738707 -0.368998 -0.92649 65.1371 
-0.163307 -0.926373 0.339358 -7107.3 -0.98481 0.173634 7.05151e-05 96.545 -0.0589894 -0.334191 -0.940657 57.6769 
-0.0745268 -0.93964 0.33395 -7237.51 -0.995252 0.0911065 0.0342397 49.0779 -0.0625979 -0.329812 -0.941969 66.3914 
-0.165949 -0.941071 0.294696 -7092.22 -0.984803 0.173673 4.12697e-05 97.2988 -0.0512197 -0.290211 -0.955591 58.0488 
-0.0764882 -0.955951 0.283385 -7242.08 -0.995768 0.0877627 0.0272858 46.9198 -0.0509545 -0.280098 -0.958618 64.3871 
-0.168169 -0.953692 0.249381 -7077.23 -0.984805 0.173664 3.41298e-05 97.7097 -0.043341 -0.245585 -0.968406 58.538 
-0.0803083 -0.967733 0.238838 -7239.76 -0.995865 0.0881069 0.0221395 44.1838 -0.0424685 -0.236073 -0.970807 65.0162 
-0.169981 -0.964198 0.203542 -7062.28 -0.984811 0.173628 6.13763e-05 98.0088 -0.0353997 -0.20044 -0.979066 58.6779 
-0.0776637 -0.976623 0.200439 -7245.79 -0.996434 0.0826889 0.016809 32.3946 -0.0329901 -0.198419 -0.979562 73.7534 
-0.171456 -0.972571 0.157187 -7047.22 -0.984813 0.173621 4.41584e-05 98.4423 -0.027334 -0.154792 -0.987569 58.9776 
-6
-0.172558 -0.978775 0.11056 -7032.27 -0.984812 0.173627 3.71613e-05 98.841 -0.0192324 -0.108874 -0.99387 59.265 
-0.171319 -0.9814 0.0866237 -7104.72 -0.984278 0.174329 0.0284067 88.8478 -0.0429794 -0.0803952 -0.995836 100.199 
-0.173253 -0.982821 0.0636183 -7017.21 -0.984815 0.173606 3.32007e-05 99.3454 -0.0110772 -0.0626465 -0.997974 59.6614 
-0.171869 -0.984427 0.0369345 -7078.88 -0.984291 0.173141 0.034541 87.4392 -0.040398 -0.0304178 -0.998721 102.688 
-0.173608 -0.984675 0.016593 -7002.22 -0.984811 0.173632 4.16137e-05 100.028 -0.00292205 -0.0163337 -0.999862 59.9083 
-6
-0.173538 -0.984354 -0.0305146 -6987.21 -0.984813 0.173617 5.21761e-05 100.389 0.00524649 0.0300602 -0.999534 60.1786 
-0.166718 -0.98268 -0.0808971 -7009.73 -0.98584 0.164631 0.031871 84.6336 -0.0180009 0.0850651 -0.996213 107.074 
-0.173094 -0.981845 -0.077583 -6972.24 -0.984814 0.173614 4.12573e-05 101.009 0.013429 0.076412 -0.996986 60.5293 
-0.166437 -0.978758 -0.119713 -6961.44 -0.986035 0.164488 0.0260529 86.5467 -0.00580816 0.122377 -0.992467 99.9907 
-0.172278 -0.977159 -0.12442 -6957.24 -0.984813 0.173621 5.1159e-05 101.42 0.021552 0.122539 -0.99223 60.7081 
-0.175542 -0.971909 -0.156774 -6968.75 -0.984433 0.174705 0.0192138 86.1757 0.00871513 0.157707 -0.987448 92.5807 
-0.171072 -0.970307 -0.170996 -6942.28 -0.984813 0.17362 5.73384e-05 101.987 0.0296326 0.168409 -0.985272 60.9866 
-0.165247 -0.966332 -0.197219 -6955.76 -0.985951 0.1668 0.00883027 90.0919 0.0243632 0.195907 -0.98032 83.7557 
-0.169477 -0.961304 -0.217194 -6927.16 -0.984815 0.173606 7.21918e-05 102.496 0.0376366 0.213908 -0.976129 61.3789 
-0.163434 -0.958006 -0.235612 -6928.31 -0.986146 0.165505 0.0110995 91.8146 0.0283616 0.234162 -0.971784 85.2322 
-0.167511 -0.950166 -0.262915 -6912.25 -0.984816 0.1736 7.12608e-05 103.03 0.0455742 0.258935 -0.964819 61.6254 
-0.149412 -0.947988 -0.281059 -6901.47 -0.988027 0.154196 0.00514963 88.8441 0.0384563 0.278464 -0.959677 83.1118 
-0.165191 -0.936922 -0.308041 -6897.24 -0.984814 0.173615 6.24198e-05 103.536 0.053422 0.303373 -0.951373 61.8741 
-0.0789954 -0.947757 -0.309056 -7025.28 -0.995338 0.0921965 -0.028321 57.3185 0.0553353 0.305378 -0.950622 75.8261 
-0.162467 -0.921592 -0.352522 -6882.26 -0.984818 0.173592 5.58283e-05 103.937 0.0611436 0.347179 -0.935803 62.3523 
-0.090144 -0.926921 -0.364268 -6997.88 -0.993753 0.107876 -0.0285818 56.5288 0.0657888 0.359416 -0.930855 75.6384 
-0.159412 -0.904235 -0.396166 -6867.25 -0.984817 0.173595 5.2142e-05 104.508 0.0687255 0.39016 -0.918179 62.5653 
-0.114032 -0.920334 -0.374141 -6883.63 -0.991301 0.130317 -0.0184287 62.179 0.0657174 0.368785 -0.927189 85.0118 
-0.156007 -0.884869 -0.43894 -6852.19 -0.984815 0.173606 4.48994e-05 104.941 0.0761628 0.432282 -0.898516 62.7794 
-0.104204 -0.904922 -0.412623 -6811.07 -0.992389 0.121976 -0.0168874 65.4588 0.0656121 0.407723 -0.910745 88.3912 
-0.152235 -0.863517 -0.480793 -6837.29 -0.984816 0.173603 2.8654e-05 105.481 0.0834427 0.473497 -0.876834 63.1833 
-0.112951 -0.884685 -0.452298 -6761.59 -0.990385 0.136836 -0.0203223 66.5469 0.0798697 0.445654 -0.891635 83.1155 
-0.148153 -0.840274 -0.521527 -6822.23 -0.984813 0.173616 3.40227e-05 105.986 0.0905169 0.513611 -0.853235 63.4129 
-0.132555 -0.863005 -0.487495 -6720.11 -0.987598 0.156749 -0.00895359 83.3095 0.0841415 0.480262 -0.87308 81.3829 
-0.143749 -0.815173 -0.561097 -6807.25 -0.984813 0.173617 6.78649e-05 106.784 0.0973604 0.552585 -0.82775 63.2683 
-0.117988 -0.839829 -0.529874 -6749.56 -0.988921 0.14778 -0.0140212 81.3541 0.0900801 0.522349 -0.847961 77.0948 
-0.138973 -0.788236 -0.599475 -6792.21 -0.984817 0.173597 4.55457e-05 107.087 0.104031 0.59038 -0.800393 63.8936 
-0.0919534 -0.82376 -0.559432 -6808.61 -0.99081 0.131658 -0.0310072 74.8905 0.0991962 0.55144 -0.828296 80.0479 
-0.133908 -0.759576 -0.636485 -6777.28 -0.984816 0.1736 2.06444e-05 107.508 0.110478 0.626824 -0.771289 64.3546 
-0.0768124 -0.761858 -0.643174 -6823.74 -0.991427 0.126748 -0.031733 82.0752 0.105697 0.635223 -0.765062 82.1508 
-0.128555 -0.729183 -0.672135 -6762.24 -0.984816 0.173602 2.23537e-05 107.891 0.116668 0.661932 -0.740428 64.8226 
-0.0788475 -0.728817 -0.680153 -6795.27 -0.990075 0.136874 -0.0318921 80.5803 0.116339 0.670888 -0.732376 83.5241 
-0.122919 -0.697263 -0.706198 -6747.19 -0.984818 0.173592 1.92208e-05 108.404 0.122577 0.695478 -0.708015 64.9036 
-0.0824364 -0.696617 -0.712692 -6768.9 -0.989129 0.14457 -0.0268976 84.1039 0.121771 0.702727 -0.700962 83.6375 
-0.11699 -0.663723 -0.738773 -6732.29 -0.984819 0.173583 4.14087e-06 108.809 0.128236 0.727558 -0.673954 65.4213 
-0.0896669 -0.659543 -0.7463 -6740.77 -0.987481 0.156506 -0.0196673 87.6254 0.129772 0.735193 -0.665319 86.9614 
-0.110831 -0.62874 -0.769677 -6717.15 -0.984817 0.173596 2.0314e-06 109.356 0.133612 0.757991 -0.638434 65.6689 
-6
-0.104422 -0.592344 -0.79889 -6702.25 -0.984817 0.173598 8.37515e-06 109.838 0.13868 0.786761 -0.601478 65.9738 
-0.0738348 -0.550986 -0.831241 -6763.67 -0.991069 0.133353 -0.000361468 87.357 0.111048 0.823791 -0.555911 120.972 
-0.0977663 -0.554639 -0.826328 -6687.25 -0.984818 0.17359 2.78627e-06 110.414 0.143441 0.813783 -0.56319 66.0787 
-0.0771334 -0.560123 -0.82481 -6708.51 -0.988501 0.150881 -0.0100213 92.4579 0.130062 0.814553 -0.565321 99.0119 
-0.0909085 -0.515692 -0.851938 -6672.26 -0.984817 0.173595 8.02354e-06 110.928 0.147888 0.839003 -0.523643 66.4834 
-0.070401 -0.521451 -0.850372 -6692.36 -0.98809 0.153387 -0.012255 91.4825 0.136826 0.839381 -0.526039 95.1472 
-0.0838552 -0.475629 -0.87564 -6657.16 -0.984815 0.173609 9.67782e-06 111.418 0.152014 0.862344 -0.482965 66.8299 
-0.0858729 -0.48246 -0.871698 -6608.79 -0.98432 0.176392 -0.000660336 100.649 0.154079 0.857973 -0.490042 83.9408 
-0.0766077 -0.434516 -0.8974 -6642.18 -0.98481 0.173637 -4.2633e-06 111.891 0.155823 0.883768 -0.441218 67.0557 
-0.0669703 -0.442446 -0.894291 -6608.78 -0.985943 0.166852 -0.00871539 91.9327 0.153071 0.881137 -0.447401 88.0841 
-0.0691775 -0.392371 -0.917202 -6627.31 -0.984812 0.173624 2.18979e-06 112.453 0.159247 0.903272 -0.398422 67.5214 
-0.0565087 -0.369605 -0.927469 -6601.21 -0.98576 0.168014 -0.00689493 95.5232 0.158376 0.913873 -0.373836 92.6947 
-0.061622 -0.349426 -0.934935 -6612.27 -0.984808 0.173648 9.26495e-06 112.883 0.162346 0.920732 -0.354818 67.873 
-0.0427312 -0.332795 -0.94203 -6605.3 -0.985836 0.167102 -0.0143146 91.832 0.162179 0.928076 -0.335222 85.3881 
-0.0539068 -0.305699 -0.950601 -6597.2 -0.984812 0.173626 1.14736e-05 113.457 0.165045 0.936164 -0.310415 68.145 
-0.0436799 -0.321643 -0.945853 -6582.64 -0.984741 0.173502 -0.0135248 92.5457 0.168458 0.930829 -0.324314 74.851 
-0.0460822 -0.261257 -0.964169 -6582.16 -0.984808 0.173644 1.69124e-05 113.976 0.167418 0.949522 -0.26529 68.3394 
-0.0339865 -0.258859 -0.965317 -6572.79 -0.984681 0.173954 -0.011979 95.3626 0.171022 0.950122 -0.260805 83.372 
-0.0381262 -0.216273 -0.975588 -6567.22 -0.984809 0.173644 -7.73061e-06 114.363 0.169407 0.960767 -0.219608 68.6965 
-0.0213068 -0.216036 -0.976153 -6548.95 -0.985195 0.170665 -0.0162664 95.2331 0.17011 0.961354 -0.216473 84.826 
-0.0301266 -0.170811 -0.984843 -6552.25 -0.98481 0.173638 9.84326e-06 115.025 0.171004 0.969883 -0.173447 69.0877 
-0.00853536 -0.16981 -0.98544 -6538.16 -0.985213 0.170072 -0.0207731 94.23 0.171123 0.970691 -0.16875 85.7609 
-0.0220355 -0.124969 -0.991916 -6537.26 -0.984814 0.173614 4.54857e-06 115.376 0.17221 0.976853 -0.126897 69.3068 
-6
-0.0138801 -0.0788226 -0.996792 -6522.23 -0.984812 0.173623 -1.61705e-05 115.895 0.173067 0.981653 -0.0800354 69.6381 
-0.00711324 -0.0763211 -0.997058 -6497.48 -0.985063 0.172084 -0.00614477 103.023 0.172047 0.982121 -0.0764052 86.2991 
-0.00573212 -0.0325167 -0.999455 -6507.26 -0.984806 0.17366 -1.81305e-06 116.393 0.173565 0.984269 -0.033018 69.9075 
-0.014913 -0.02091 -0.99967 -6479.61 -0.98407 0.177442 0.0109687 99.8585 0.177154 0.983909 -0.023223 89.9346 
0.00242745 0.0138557 -0.999901 -6492.25 -0.984808 0.173649 1.54506e-05 116.935 0.173632 0.98471 0.0140667 70.1592 
0.00321403 0.0185095 -0.999824 -6486.68 -0.984197 0.17708 0.000114443 98.1932 0.17705 0.984022 0.0187861 89.0001 
0.0106118 0.060177 -0.998131 -6477.26 -0.984808 0.173646 -1.05249e-06 117.431 0.173322 0.982968 0.0611055 70.1487 
0.0212636 0.0614819 -0.997882 -6463.98 -0.984402 0.175641 -0.0101547 97.8183 0.174645 0.982533 0.0642577 90.541 
0.0187377 0.106402 -0.994147 -6462.27 -0.984805 0.173665 2.55164e-05 118.004 0.172651 0.97904 0.108039 70.7369 
0.0203183 0.10276 -0.994499 -6467.3 -0.984126 0.17746 -0.00176962 101.09 0.176302 0.978748 0.104735 86.984 
0.0268602 0.152428 -0.98795 -6447.38 -0.984808 0.173649 1.69148e-05 118.576 0.171559 0.97294 0.154776 71.2881 
0.0401923 0.146828 -0.988345 -6462.13 -0.984177 0.176654 -0.0137791 100.374 0.172572 0.97326 0.151605 88.4011 
0.034892 0.198064 -0.979568 -6432.32 -0.984806 0.173657 3.41334e-05 119.03 0.170116 0.964683 0.201114 71.6472 
0.0496226 0.196211 -0.979305 -6441.41 -0.984181 0.176573 -0.0144919 102.366 0.170076 0.964533 0.201869 88.9887 
0.0428503 0.243211 -0.969027 -6417.18 -0.98481 0.173637 3.21042e-05 119.514 0.168267 0.954305 0.246957 71.7727 
0.0479841 0.24481 -0.968383 -6433.98 -0.984778 0.173749 -0.00487213 105.751 0.167063 0.953876 0.249421 89.876 
0.0507425 0.287856 -0.956329 -6402.32 -0.984812 0.173626 7.67363e-06 119.984 0.166045 0.941803 0.292294 72.0235 
0.0787765 0.302108 -0.950013 -6413.52 -0.983926 0.176763 -0.0253774 98.2713 0.16026 0.936742 0.311177 98.4349 
0.0585015 0.331915 -0.941493 -6387.33 -0.984807 0.17365 2.58736e-05 120.358 0.163499 0.927188 0.337032 72.389 
0.0872554 0.365091 -0.926874 -6440.91 -0.984833 0.171684 -0.0250863 102.721 0.14997 0.915005 0.374533 113.715 
0.0661209 0.375257 -0.92456 -6372.29 -0.984809 0.173644 4.8291e-05 120.904 0.160562 0.910511 0.381038 72.5603 
0.091085 0.405896 -0.909369 -6429.14 -0.98491 0.171658 -0.0220322 106.401 0.147157 0.897654 0.415407 117.037 
0.0736268 0.417668 -0.905612 -6357.3 -0.984808 0.173646 2.0119e-05 121.349 0.157264 0.891852 0.424108 72.9234 
0.10088 0.426906 -0.898651 -6405.69 -0.983571 0.178708 -0.0255172 104.447 0.149703 0.886462 0.437921 108.064 
0.0809446 0.459195 -0.88464 -6342.26 -0.984807 0.173653 2.9024e-05 121.956 0.153634 0.871197 0.466275 73.2261 
0.0989688 0.465025 -0.879748 -6367.01 -0.983531 0.180077 -0.0154573 107.996 0.151234 0.866789 0.475189 102.932 
0.0880763 0.499755 -0.861677 -6327.27 -0.984812 0.173624 3.58488e-05 122.462 0.149626 0.848587 0.507456 73.5026 
-6
0.0950215 0.539099 -0.836865 -6312.18 -0.984807 0.173651 4.44047e-05 122.901 0.145346 0.824146 0.54741 73.7782 
0.0833556 0.545828 -0.833741 -6300.27 -0.986117 0.165758 0.00992737 109.771 0.143618 0.821338 0.552066 100.409 
0.101765 0.577316 -0.810154 -6297.29 -0.984805 0.173663 4.80555e-05 123.394 0.140721 0.797839 0.586217 74.1693 
0.118592 0.575669 -0.809037 -6328.42 -0.981989 0.188693 -0.00967992 98.9759 0.147087 0.795613 0.587678 93.2716 
0.108286 0.614289 -0.781616 -6282.34 -0.984805 0.173664 5.04376e-05 123.858 0.13577 0.769734 0.62376 74.4419 
0.127523 0.605825 -0.785311 -6314.99 -0.981449 0.191365 -0.0117448 100.515 0.143166 0.77224 0.61899 88.0752 
0.114534 0.649825 -0.751405 -6267.25 -0.98481 0.173638 5.31141e-05 124.462 0.130507 0.739985 0.659842 74.7468 
-6
0.120558 0.683948 -0.7195 -6252.2 -0.984803 0.173673 7.98336e-05 124.965 0.125012 0.708557 0.694492 74.9318 
0.133132 0.678356 -0.722571 -6265.08 -0.982623 0.185484 -0.00691105 103.302 0.129337 0.710935 0.691262 92.6667 
0.126309 0.716497 -0.68606 -6237.29 -0.984805 0.173662 5.5324e-05 125.403 0.119182 0.675628 0.727545 75.2269 
0.134679 0.713996 -0.687075 -6242.15 -0.98296 0.183815 -0.00166108 107.325 0.125108 0.67559 0.726585 94.4095 
0.131769 0.747515 -0.651044 -6222.27 -0.984807 0.173653 6.23422e-05 125.899 0.113102 0.641145 0.75904 75.5901 
0.143162 0.744826 -0.65172 -6230.39 -0.983021 0.183385 -0.00635358 106.959 0.114784 0.641564 0.758433 95.2468 
0.136968 0.776894 -0.614553 -6207.26 -0.98482 0.173576 -6.26848e-05 126.26 0.106623 0.605233 0.788875 75.8229 
0.148089 0.773978 -0.615652 -6210.21 -0.98265 0.185443 -0.00323345 106.031 0.111666 0.605449 0.788011 93.7018 
0.141839 0.804504 -0.576762 -6192.23 -0.984822 0.17357 -8.46174e-05 126.855 0.10004 0.56802 0.816912 76.1889 
0.147642 0.802662 -0.577871 -6198.89 -0.983548 0.180645 -0.00037321 111.652 0.10409 0.568419 0.816128 94.1837 
0.146398 0.830364 -0.537646 -6177.32 -0.984804 0.173671 6.90234e-05 127.409 0.0934307 0.529466 0.843171 76.5177 
0.162306 0.824137 -0.542638 -6203.51 -0.981895 0.189326 -0.00614894 105.58 0.0976678 0.533811 0.839944 94.6609 
0.150639 0.854395 -0.49731 -6162.24 -0.984816 0.173603 -5.32322e-05 127.835 0.086289 0.489767 0.867573 76.674 
0.157798 0.851391 -0.500233 -6172.43 -0.983463 0.181096 -0.00200974 107.803 0.0888788 0.492278 0.865889 94.8828 
0.154518 0.876499 -0.455931 -6147.27 -0.984806 0.173656 8.5823e-05 128.368 0.0792503 0.448991 0.890015 77.075 
0.151502 0.874854 -0.460085 -6160.76 -0.985014 0.172436 0.00353065 115.137 0.0824241 0.452655 0.887868 95.3152 
0.158078 0.896671 -0.413513 -6132.2 -0.98482 0.17358 -8.14372e-05 128.811 0.0717047 0.407249 0.910498 77.3426 
0.128224 0.90107 -0.414284 -6119.16 -0.988766 0.148503 0.0169644 132.026 0.0768086 0.407455 0.90999 92.9862 
0.161287 0.914811 -0.370279 -6117.26 -0.984818 0.173591 -9.44366e-05 129.337 0.0641908 0.364673 0.928921 77.7101 
0.128615 0.91807 -0.374973 -6103.97 -0.989207 0.145535 0.0170271 129.189 0.070204 0.368736 0.926879 94.1824 
0.164125 0.931002 -0.326035 -6102.31 -0.984818 0.173589 -6.71764e-05 129.856 0.0565335 0.321096 0.945358 77.9621 
0.146247 0.932655 -0.329797 -6104.38 -0.987258 0.15874 0.011117 125.634 0.0627203 0.323969 0.943986 94.415 
0.166627 0.945076 -0.28119 -6087.25 -0.984814 0.173615 -6.24856e-05 130.331 0.0487596 0.27693 0.959652 78.2433 
0.147619 0.947294 -0.284327 -6081.78 -0.987652 0.156435 0.00841942 125.964 0.0524544 0.279573 0.95869 95.8043 
0.16874 0.957073 -0.235664 -6072.22 -0.984814 0.173614 -7.11217e-05 130.843 0.0408465 0.232097 0.971835 78.6085 
0.170129 0.956063 -0.238748 -6077.64 -0.984443 0.17569 0.0020435 117.415 0.0438992 0.234686 0.971079 97.4307 
0.170464 0.966951 -0.189597 -6057.31 -0.984815 0.173608 -2.73089e-05 131.422 0.0328891 0.186723 0.981862 78.9808 
-6
0.171831 0.974655 -0.143257 -6042.22 -0.984814 0.173611 -7.26274e-05 131.898 0.0248002 0.141094 0.989686 79.2136 
0.194946 0.972769 -0.12537 -6054.6 -0.980671 0.195503 -0.00796336 109.776 0.0167636 0.124499 0.992078 109.51 
0.17279 0.980212 -0.0965833 -6027.24 -0.984817 0.173593 -8.14949e-05 132.45 0.0166863 0.0951309 0.995325 79.4595 
0.207909 0.97495 -0.0790311 -6029.61 -0.978031 0.208454 -0.00138573 104.299 0.0151233 0.077583 0.996871 106.447 
0.173392 0.983609 -0.0494876 -6012.34 -0.984816 0.173602 -6.11484e-05 132.937 0.00853101 0.0487468 0.998775 79.8905 
0.210982 0.976788 -0.0370407 -6011.93 -0.977468 0.211078 -0.00134114 106.445 0.00650848 0.0364891 0.999313 106.016 
0.173621 0.984809 -0.00247738 -5997.24 -0.984813 0.173621 -6.28428e-05 133.451 0.000368238 0.00245067 0.999997 80.0706 
0.206495 0.978447 -0.000505815 -5980.38 -0.978447 0.206496 0.000794786 107.553 0.000882105 0.000330793 1 100.714 
0.173459 0.983825 0.0447329 -5982.32 -0.98481 0.173633 -5.48645e-06 133.925 -0.0077725 -0.0440525 0.998999 80.4634 
0.209659 0.976759 0.0445551 -5969.08 -0.977761 0.209676 0.00433905 107.711 -0.00510396 -0.044474 0.998998 98.8778 
0.17287 0.980669 0.0916694 -5967.23 -0.984815 0.173606 -4.89104e-05 134.577 -0.0159623 -0.0902689 0.995789 80.7256 
0.20654 0.973829 0.0948638 -5965.03 -0.978329 0.206991 0.00517372 105.996 -0.0145976 -0.0938766 0.995477 95.9851 
0.171943 0.975336 0.138403 -5952.24 -0.984812 0.173622 -5.58111e-05 134.933 -0.0240843 -0.136292 0.990376 81.1363 
0.204885 0.970667 0.125808 -5945.33 -0.97861 0.205584 0.00753826 105.987 -0.0185469 -0.124661 0.992026 94.2879 
0.170593 0.967826 0.18496 -5937.22 -0.984817 0.173596 -4.20462e-05 135.514 -0.032149 -0.182145 0.982746 81.3665 
0.216792 0.963896 0.154613 -5972.68 -0.976042 0.217025 0.0155771 102.35 -0.0185402 -0.154286 0.987852 81.569 
0.168956 0.958191 0.23092 -5922.28 -0.984806 0.173657 -3.04953e-05 135.823 -0.04013 -0.227406 0.972973 81.6786 
0.219664 0.959092 0.178577 -5978.73 -0.975418 0.219206 0.0225434 100.837 -0.0175239 -0.179139 0.983668 73.5308 
0.166829 0.94642 0.27651 -5907.19 -0.984816 0.173603 -1.80852e-05 136.481 -0.0480199 -0.272308 0.961011 81.9325 
0.198702 0.941183 0.2733 -5895.49 -0.978998 0.203592 0.010654 106.997 -0.0456143 -0.269677 0.96187 96.7928 
0.164419 0.932548 0.321436 -5892.23 -0.984811 0.173632 3.26568e-06 136.781 -0.0558086 -0.316554 0.946931 82.0743 
0.192974 0.928058 0.318541 -5885.7 -0.979644 0.20053 0.00923747 108.665 -0.0553041 -0.31384 0.947864 95.6513 
0.161603 0.916609 0.365667 -5877.24 -0.984812 0.173626 2.1406e-06 137.414 -0.0634874 -0.360113 0.930746 82.5521 
0.186046 0.914495 0.359284 -5888.87 -0.980839 0.194377 0.0131498 109.694 -0.057811 -0.354847 0.933135 93.4749 
0.158457 0.898601 0.409154 -5862.29 -0.984807 0.173651 1.66828e-05 137.847 -0.0710348 -0.40294 0.912465 82.6632 
0.186708 0.896881 0.40093 -5869.67 -0.979962 0.19885 0.0115291 109.411 -0.0693846 -0.395049 0.916036 95.1737 
0.154907 0.878677 0.451586 -5847.24 -0.984813 0.17362 -3.73648e-06 138.433 -0.0784077 -0.444727 0.892228 83.1904 
0.18923 0.874407 0.446771 -5852.67 -0.978712 0.204779 0.0137468 107.525 -0.0794692 -0.439862 0.894543 96.8347 
0.15103 0.856769 0.493089 -5832.3 -0.984816 0.173602 2.34466e-07 138.996 -0.085601 -0.485602 0.869979 83.4244 
0.192014 0.852458 0.486257 -5831.16 -0.977725 0.20896 0.0197584 110.219 -0.0847649 -0.479219 0.873593 95.2673 
0.146823 0.83298 0.533468 -5817.27 -0.984814 0.173613 -4.28439e-05 139.49 -0.0926526 -0.52536 0.845821 83.7127 
0.181371 0.829838 0.527706 -5820.29 -0.979252 0.201719 0.0193561 110.711 -0.0903857 -0.520268 0.849206 95.5317 
0.142326 0.807282 0.572746 -5802.28 -0.984815 0.173606 2.62625e-05 139.902 -0.0994112 -0.564053 0.819733 84.0307 
0.175197 0.803123 0.569474 -5804.22 -0.97962 0.19992 0.0194322 111.623 -0.0982427 -0.561272 0.82178 96.6799 
0.137484 0.77983 0.610707 -5787.32 -0.984811 0.173628 -7.6124e-06 140.326 -0.106042 -0.60143 0.791856 84.2551 
0.173681 0.777035 0.605022 -5788.71 -0.979327 0.200969 0.0230256 113.634 -0.103699 -0.596513 0.795876 94.5391 
0.132371 0.750568 0.6474 -5772.23 -0.984809 0.173641 4.6568e-05 140.647 -0.11238 -0.637571 0.762151 84.5777 
0.158038 0.750111 0.642151 -5771.97 -0.981231 0.192075 0.0171213 110.919 -0.110498 -0.632804 0.766387 92.6849 
0.126955 0.71981 0.682464 -5757.21 -0.984812 0.173626 7.13421e-05 141.027 -0.118442 -0.672107 0.73092 84.8071 
0.15875 0.718212 0.677473 -5754.28 -0.980385 0.195847 0.0221073 113.904 -0.116803 -0.667694 0.735215 94.6344 
0.121197 0.687382 0.716113 -5742.19 -0.984814 0.173613 2.46735e-05 141.758 -0.12431 -0.705241 0.697984 85.1196 
0.129253 0.688142 0.713971 -5725.54 -0.984375 0.175868 0.0086999 126.041 -0.119578 -0.70394 0.700121 93.1175 
0.115187 0.653341 0.74825 -5727.27 -0.984813 0.173621 4.46551e-06 142.303 -0.129909 -0.736886 0.663417 85.4597 
0.130117 0.651528 0.747383 -5741.86 -0.982875 0.183957 0.0107515 118.172 -0.130481 -0.735983 0.664307 97.4286 
0.108946 0.617899 0.778673 -5712.21 -0.984817 0.173595 3.5382e-05 142.861 -0.135152 -0.766855 0.62743 85.8256 
0.124522 0.610845 0.781897 -5729.29 -0.982784 0.184334 0.0125064 121.472 -0.136491 -0.769993 0.623282 100.968 
0.102459 0.581154 0.807318 -5697.2 -0.984821 0.173573 3.8763e-05 143.418 -0.140106 -0.795068 0.590116 86.0679 
0.116969 0.574601 0.810032 -5714.27 -0.983137 0.182438 0.0125516 119.632 -0.140569 -0.797841 0.586251 102.134 
0.0957594 0.543034 0.834233 -5682.22 -0.98482 0.17358 5.47744e-05 143.883 -0.144777 -0.821574 0.551413 86.2067 
0.107915 0.533942 0.838606 -5695.15 -0.9829 0.183899 0.00939456 122.846 -0.149203 -0.82528 0.544658 104.838 
0.0888266 0.503746 0.859273 -5667.25 -0.984821 0.173574 4.76403e-05 144.316 -0.149124 -0.846234 0.511517 86.5169 
0.109914 0.498696 0.85978 -5672.01 -0.98168 0.189921 0.015338 118.927 -0.155641 -0.845714 0.510435 101.781 
0.0817134 0.463375 0.882387 -5652.27 -0.984819 0.173585 4.27614e-05 144.826 -0.153149 -0.868995 0.470525 86.919 
0.0993107 0.46047 0.882102 -5664.99 -0.983166 0.182044 0.0156589 118.292 -0.153371 -0.868808 0.470797 95.6024 
0.0744285 0.42206 0.903508 -5637.25 -0.984824 0.173558 5.23417e-05 145.174 -0.156789 -0.8898 0.428572 87.1709 
0.114991 0.419809 0.900299 -5651.6 -0.981117 0.18989 0.0367684 113.493 -0.155522 -0.887526 0.433717 93.1155 
0.0669429 0.379678 0.922694 -5622.25 -0.984817 0.173593 1.85872e-05 145.858 -0.160166 -0.908686 0.385534 87.5307 
0.110169 0.393128 0.91286 -5662.2 -0.982235 0.183439 0.039543 112.164 -0.151908 -0.901 0.406354 83.8125 
0.0593205 0.336361 0.939863 -5607.22 -0.984826 0.173547 4.88994e-05 146.363 -0.163094 -0.925604 0.341552 87.7945 
0.103339 0.354702 0.929251 -5659.96 -0.982897 0.179593 0.0407529 112.962 -0.152431 -0.917569 0.367195 77.9498 
0.0515851 0.29248 0.954879 -5592.26 -0.984822 0.17357 3.81009e-05 146.74 -0.165727 -0.940388 0.296994 88.1472 
0.0847998 0.330589 0.939957 -5642.43 -0.985527 0.1668 0.0302462 120.631 -0.146786 -0.928918 0.339949 68.686 
0.0437293 0.247853 0.96781 -5577.28 -0.984798 0.173701 1.27954e-05 147.192 -0.168106 -0.953099 0.251681 88.3791 
0.0836515 0.293704 0.952229 -5665.2 -0.985948 0.163053 0.0363219 120.05 -0.144596 -0.941887 0.303216 65.037 
0.0357594 0.202687 0.978591 -5562.25 -0.984799 0.173699 9.52798e-06 147.808 -0.169978 -0.963715 0.205817 88.7163 
0.0640425 0.238868 0.968938 -5647.76 -0.986095 0.164345 0.0246612 123.553 -0.153349 -0.957044 0.246071 70.7346 
0.0277157 0.157104 0.987193 -5547.28 -0.984838 0.173475 4.23617e-05 148.302 -0.171247 -0.972227 0.15953 89.039 
0.0538339 0.159035 0.985804 -5564.77 -0.985341 0.168509 0.026624 123.399 -0.161882 -0.972786 0.165775 89.647 
0.0196248 0.111124 0.993613 -5532.28 -0.984825 0.173552 4.15695e-05 148.715 -0.172439 -0.978535 0.112843 89.425 
0.0430856 0.110902 0.992897 -5534.53 -0.984499 0.173834 0.0233048 123.217 -0.170015 -0.97851 0.116672 90.7328 
0.0114647 0.0649737 0.997821 -5517.23 -0.984826 0.173543 1.49819e-05 149.273 -0.173164 -0.982681 0.0659774 89.5971 
