0.707076 0.705675 0.0454505 -7976.98 -0.707137 0.705613 0.0454647 67.5748 1.2798e-05 -0.0642868 0.997931 40.407 
0.693924 0.718406 0.048604 -8022.45 -0.720037 0.692716 0.0411406 73.3952 -0.00411304 -0.0635451 0.99797 66.777 
0.707077 0.70276 0.0785546 -7961.97 -0.707137 0.702699 0.0785628 67.9387 1.05675e-05 -0.111099 0.993809 40.6749 
-6
0.707077 0.698273 0.111608 -7946.96 -0.707136 0.698213 0.11161 68.567 7.62645e-06 -0.157839 0.987465 40.9547 
-6
0.707065 0.69227 0.144294 -7932.05 -0.707148 0.692185 0.144295 69.0533 1.25196e-05 -0.204064 0.978958 41.3333 
0.694768 0.710095 0.114292 -7898.9 -0.719146 0.683358 0.125905 84.8008 0.0113023 -0.169667 0.985437 49.6106 
0.707066 0.684696 0.176776 -7917.04 -0.707148 0.684611 0.176778 69.5057 1.656e-05 -0.25 0.968246 41.6089 
-6
0.707079 0.675622 0.208746 -7902.02 -0.707135 0.675562 0.20875 70.0423 1.56565e-05 -0.295214 0.955431 41.8958 
0.71018 0.677036 0.193044 -7876.52 -0.70402 0.683129 0.194142 71.7032 -0.000433116 -0.273782 0.961792 57.3707 
0.707079 0.665026 0.240374 -7886.91 -0.707135 0.664968 0.240372 70.4567 1.23786e-05 -0.339939 0.940447 42.1515 
0.704046 0.674686 0.221628 -7858.98 -0.710154 0.668582 0.220634 75.1317 0.000682013 -0.312726 0.949843 55.8722 
0.70708 0.652952 0.271462 -7872.01 -0.707134 0.652892 0.271464 71.0262 1.74775e-05 -0.383907 0.923372 42.4189 
0.712599 0.650216 0.26348 -7818.13 -0.701556 0.657898 0.273842 68.1818 0.00471292 -0.379985 0.924981 59.738 
0.707068 0.639488 0.301846 -7857.01 -0.707146 0.639405 0.301839 71.5609 2.04674e-05 -0.426869 0.904313 42.751 
0.705111 0.64365 0.297546 -7811.82 -0.709091 0.638206 0.299805 76.3639 0.00307385 -0.422383 0.906412 57.4031 
0.707081 0.62453 0.331662 -7842.01 -0.707133 0.624469 0.331664 71.9448 2.16169e-05 -0.469042 0.883176 43.0908 
-6
0.707081 0.608259 0.360634 -7826.99 -0.707133 0.608198 0.360637 72.5494 2.39234e-05 -0.510016 0.860165 43.3497 
0.714898 0.608479 0.344491 -7776.61 -0.699229 0.621949 0.352503 69.5708 0.000234825 -0.492882 0.870096 59.2381 
0.707082 0.590575 0.388918 -7812.09 -0.707132 0.590514 0.388919 73.0629 2.47837e-05 -0.550013 0.835156 43.6532 
0.709188 0.596188 0.376315 -7755.76 -0.704983 0.594271 0.387091 72.7196 0.0071461 -0.539816 0.841753 53.624 
0.707082 0.571579 0.416332 -7796.99 -0.707131 0.571513 0.416339 73.5207 3.12286e-05 -0.588787 0.808288 43.9709 
0.71892 0.5579 0.414609 -7715.34 -0.695092 0.57795 0.427576 67.1147 -0.00107818 -0.595585 0.803292 60.1696 
0.707083 0.551387 0.442726 -7781.99 -0.707131 0.551318 0.442734 73.9851 3.48686e-05 -0.626115 0.779731 44.2918 
0.717217 0.536403 0.444828 -7717.45 -0.696849 0.550883 0.459271 71.2482 0.00130685 -0.639375 0.768894 62.7265 
0.707071 0.529906 0.468242 -7767 -0.707143 0.529814 0.468237 74.571 4.04938e-05 -0.66219 0.749336 44.6068 
0.711514 0.515316 0.477699 -7709.15 -0.702666 0.524522 0.480767 75.3378 -0.00281617 -0.677736 0.7353 64.4491 
0.707084 0.507313 0.492612 -7751.98 -0.70713 0.507238 0.492622 75.1047 4.16623e-05 -0.696666 0.717396 44.8957 
0.71323 0.495162 0.496102 -7718.46 -0.700891 0.511295 0.497322 74.7981 -0.00739952 -0.702418 0.711726 55.4022 
0.707084 0.483516 0.515989 -7736.99 -0.707129 0.483442 0.515996 75.5168 4.11137e-05 -0.729723 0.683742 45.2099 
0.709652 0.478391 0.517238 -7709.84 -0.704547 0.484482 0.518547 78.1031 -0.00252432 -0.732407 0.680863 57.7337 
0.707085 0.458734 0.538139 -7722 -0.707129 0.458665 0.53814 76.0495 3.77602e-05 -0.761045 0.648699 45.5352 
-6
0.707085 0.432845 0.559174 -7707.02 -0.707128 0.432781 0.559169 76.4429 3.35965e-05 -0.790788 0.61209 45.7809 
0.705103 0.434564 0.560343 -7672.66 -0.709105 0.431819 0.557407 84.3064 0.000261948 -0.790371 0.612628 54.0906 
0.707086 0.405992 0.578965 -7692.01 -0.707128 0.405927 0.578959 77.0541 3.49548e-05 -0.818775 0.574114 46.0913 
0.705707 0.409035 0.578505 -7662.04 -0.708504 0.407507 0.57616 81.5244 -7.51348e-05 -0.816473 0.577383 51.736 
0.707086 0.37834 0.597401 -7676.92 -0.707127 0.378275 0.597394 77.522 3.61386e-05 -0.844847 0.535007 46.4079 
0.708067 0.391291 0.58782 -7687.22 -0.706087 0.381716 0.596434 77.5055 0.00899874 -0.837367 0.546567 40.4658 
0.707087 0.349758 0.614571 -7662.04 -0.707127 0.349677 0.614571 78.0176 4.96258e-05 -0.869135 0.494575 46.6223 
0.712453 0.34191 0.612787 -7685.22 -0.701694 0.354503 0.618023 73.168 -0.00592702 -0.870302 0.492483 59.6461 
0.707087 0.320489 0.630329 -7647.05 -0.707126 0.320414 0.630323 78.4774 4.5711e-05 -0.891416 0.453187 46.9963 
-6
0.707088 0.290413 0.644738 -7631.95 -0.707126 0.290325 0.644736 79.0088 5.63434e-05 -0.911796 0.410644 47.279 
0.706987 0.283547 0.647897 -7611.35 -0.70718 0.293944 0.643034 81.752 -0.00811484 -0.912797 0.408334 64.6167 
0.707088 0.259799 0.657671 -7616.96 -0.707125 0.259712 0.657665 79.582 5.54576e-05 -0.930083 0.36735 47.5616 
-6
0.707089 0.2285 0.669188 -7601.99 -0.707124 0.228399 0.669185 79.9976 6.69374e-05 -0.946373 0.323076 47.8687 
0.705342 0.251208 0.662863 -7616.58 -0.708849 0.243243 0.662092 82.8525 0.00508586 -0.936871 0.349639 53.5195 
0.70709 0.196802 0.679186 -7587.01 -0.707124 0.196705 0.679178 80.5311 6.42813e-05 -0.960508 0.278252 48.1833 
0.709922 0.201179 0.674935 -7592.79 -0.704277 0.205579 0.679508 77.4176 -0.00204932 -0.957739 0.287631 60.4979 
0.70709 0.164548 0.687712 -7572.01 -0.707123 0.164456 0.6877 81.0051 6.1438e-05 -0.972563 0.232641 48.4886 
0.708855 0.174019 0.683551 -7567.95 -0.705351 0.177843 0.686187 81.4893 -0.00215493 -0.96855 0.248809 67.1923 
0.707091 0.131936 0.694706 -7557.03 -0.707123 0.131841 0.694691 81.5183 6.37057e-05 -0.982451 0.186518 48.739 
-6
0.707091 0.0991334 0.700139 -7541.96 -0.707122 0.0990431 0.70012 81.9849 6.13983e-05 -0.990133 0.140132 49.0248 
0.704506 0.0930782 0.703568 -7511.24 -0.709614 0.1076 0.696326 84.9869 -0.0108914 -0.989828 0.141855 64.1048 
0.707092 0.0660507 0.70403 -7526.96 -0.707122 0.0659577 0.704009 82.5556 6.41019e-05 -0.995634 0.0933441 49.3924 
0.712938 0.0699808 0.697726 -7466.3 -0.701177 0.0830255 0.708137 86.0585 -0.00837306 -0.994087 0.108261 63.6163 
0.707092 0.0328231 0.706359 -7511.99 -0.707121 0.0327278 0.706335 83.0037 6.64813e-05 -0.998925 0.0463515 49.7016 
-6
0.707093 -0.00046394 0.70712 -7497.02 -0.70712 -0.000561815 0.707093 83.4465 6.92222e-05 -1 -0.000725316 50.0253 
0.709678 -0.0147276 0.704372 -7441.25 -0.704483 -0.00377048 0.709711 86.1355 -0.00779654 -0.999884 -0.0130512 64.4717 
0.707094 -0.0337338 0.706315 -7482.03 -0.70712 -0.0338382 0.706284 84.1024 7.47802e-05 -0.998858 -0.0477806 50.2901 
0.719865 -0.0408349 0.692911 -7403.99 -0.69408 -0.03246 0.719166 79.7887 -0.00687516 -0.998639 -0.0517095 67.813 
0.707094 -0.0669546 0.703942 -7467.06 -0.707119 -0.0670648 0.703907 84.6449 7.99766e-05 -0.9955 -0.094766 50.5761 
-6
0.707107 -0.100028 0.699996 -7451.98 -0.707106 -0.100143 0.69998 85.1077 8.21205e-05 -0.989932 -0.141542 50.8704 
0.710096 -0.104416 0.696319 -7429.67 -0.704089 -0.111842 0.701249 85.0572 0.00465623 -0.988225 -0.152937 62.5572 
0.70712 -0.132868 0.694498 -7437.01 -0.707093 -0.132989 0.694502 85.4796 8.28411e-05 -0.982171 -0.187989 51.1906 
0.706948 -0.152624 0.690601 -7413.11 -0.70726 -0.148961 0.691081 88.9882 -0.002603 -0.976994 -0.213253 68.7908 
0.707108 -0.16546 0.687474 -7421.95 -0.707105 -0.165373 0.687498 85.9447 -6.36119e-05 -0.972252 -0.233934 51.5214 
0.706171 -0.183112 0.683953 -7408.02 -0.708011 -0.173718 0.684501 90.8268 -0.00652551 -0.967622 -0.252321 68.9864 
0.707109 -0.197638 0.678923 -7406.99 -0.707105 -0.197746 0.678896 86.4341 7.8085e-05 -0.960123 -0.279579 51.7728 
0.704198 -0.22486 0.673456 -7383.17 -0.709921 -0.208493 0.672714 94.324 -0.0108557 -0.951824 -0.306453 69.8419 
0.70711 -0.22938 0.668865 -7392.01 -0.707104 -0.229488 0.668834 86.9866 7.94155e-05 -0.945896 -0.324469 52.0724 
0.705369 -0.251081 0.662882 -7360.63 -0.708798 -0.23971 0.663434 90.2036 -0.00767677 -0.937815 -0.34705 67.721 
0.707098 -0.260611 0.657339 -7377.05 -0.707116 -0.260705 0.657282 87.5547 7.64237e-05 -0.929578 -0.368626 52.4086 
0.704522 -0.26969 0.656442 -7339.64 -0.709673 -0.263193 0.653524 93.8601 -0.00347782 -0.926281 -0.376817 60.5731 
0.707111 -0.29128 0.644321 -7361.97 -0.707103 -0.291392 0.64428 88.0534 8.36093e-05 -0.911179 -0.412011 52.7112 
0.704138 -0.292273 0.647121 -7327.98 -0.710058 -0.293376 0.640116 96.7437 0.00276069 -0.910224 -0.414108 59.1812 
0.707112 -0.321283 0.629897 -7347.02 -0.707102 -0.321248 0.629926 88.4519 -3.05948e-05 -0.890829 -0.454338 52.9936 
0.704449 -0.3277 0.629574 -7330.97 -0.709753 -0.323709 0.62567 97.3208 -0.00123319 -0.887595 -0.460623 58.0046 
0.707112 -0.350573 0.614077 -7331.96 -0.707101 -0.350686 0.614025 88.9784 8.75038e-05 -0.8684 -0.495865 53.2791 
0.70712 -0.357199 0.610238 -7323.75 -0.707083 -0.352424 0.613051 87.3202 -0.00391876 -0.864989 -0.501775 60.8207 
0.707101 -0.379113 0.596893 -7316.99 -0.707113 -0.37908 0.5969 89.5606 -2.2295e-05 -0.844139 -0.536124 53.6049 
0.71103 -0.371513 0.597005 -7320.99 -0.703161 -0.376544 0.60314 79.3334 0.000724103 -0.848641 -0.528968 54.2231 
0.707101 -0.406794 0.578383 -7301.94 -0.707112 -0.406762 0.578391 90.0258 -2.20361e-05 -0.817963 -0.575271 53.9137 
0.709956 -0.408866 0.573403 -7284.02 -0.704214 -0.404443 0.58353 88.0623 -0.00667633 -0.81808 -0.575066 60.1575 
0.707114 -0.433557 0.558586 -7286.99 -0.707099 -0.433538 0.558619 90.3604 -2.50008e-05 -0.789983 -0.613129 54.2221 
-6
0.707102 -0.459395 0.537552 -7272.01 -0.707111 -0.459356 0.537574 91.05 -3.06058e-05 -0.760229 -0.649655 54.5402 
-6
0.707116 -0.484189 0.515314 -7257.07 -0.707098 -0.484176 0.51535 91.4891 -2.39621e-05 -0.728789 -0.684738 54.8308 
0.701168 -0.478574 0.528517 -7266.29 -0.71298 -0.475635 0.5152 95.7867 0.00482002 -0.738064 -0.674714 54.4647 
0.707116 -0.507897 0.491963 -7242 -0.707097 -0.507883 0.492004 91.9771 -2.78805e-05 -0.69577 -0.718265 55.1165 
0.70412 -0.505504 0.498679 -7240.37 -0.71008 -0.502256 0.493483 95.5475 0.00100671 -0.701573 -0.712597 59.2698 
0.707104 -0.530519 0.467497 -7226.96 -0.707109 -0.530492 0.46752 92.4776 -2.43955e-05 -0.661156 -0.750248 55.4027 
0.700721 -0.531748 0.47564 -7227.91 -0.713422 -0.518272 0.471618 96.1298 -0.00427145 -0.669805 -0.742525 62.2139 
0.707117 -0.551936 0.441986 -7212 -0.707096 -0.551933 0.442024 92.9653 -2.15945e-05 -0.625089 -0.780553 55.6855 
0.702933 -0.549591 0.451481 -7196.05 -0.711256 -0.543469 0.445821 93.3179 0.000346714 -0.634501 -0.772922 63.0553 
0.707094 -0.572142 0.415538 -7196.96 -0.70712 -0.572107 0.415541 93.5777 -1.64485e-05 -0.587662 -0.809107 55.9766 
0.69982 -0.567539 0.433764 -7203.78 -0.714312 -0.553243 0.428581 98.7936 -0.00325984 -0.609772 -0.79257 61.9191 
0.707094 -0.591065 0.388149 -7182.02 -0.707119 -0.591044 0.388136 94.0507 -3.21241e-07 -0.548917 -0.835877 56.2899 
0.701068 -0.59093 0.399132 -7169.37 -0.713088 -0.578514 0.396015 96.1315 -0.00311369 -0.562249 -0.826962 59.5887 
0.707107 -0.608678 0.359875 -7166.96 -0.707106 -0.608682 0.359871 94.4565 3.82316e-06 -0.508937 -0.860804 56.623 
0.701556 -0.609898 0.368569 -7179.85 -0.712614 -0.600636 0.362516 96.6463 0.000278225 -0.516973 -0.856002 58.6261 
0.70712 -0.624934 0.330815 -7151.93 -0.707093 -0.624952 0.330838 94.8735 -8.25191e-06 -0.46786 -0.883803 56.9315 
0.71195 -0.61894 0.331724 -7137.45 -0.702224 -0.625425 0.340185 87.6632 -0.00308601 -0.475139 -0.879905 58.0419 
0.707109 -0.639828 0.301027 -7136.97 -0.707105 -0.639834 0.301025 95.5283 3.25383e-06 -0.425715 -0.904857 57.2364 
0.70576 -0.641922 0.29973 -7121.46 -0.708426 -0.635949 0.306106 93.7928 -0.00588326 -0.428374 -0.903582 61.7488 
0.707122 -0.653289 0.27054 -7121.94 -0.707092 -0.653309 0.27057 95.9116 -1.40716e-05 -0.382623 -0.923905 57.542 
-6
0.70711 -0.665308 0.239499 -7106.89 -0.707103 -0.665318 0.239492 96.4994 7.35818e-06 -0.338698 -0.940895 57.8545 
0.699014 -0.67661 0.23147 -7104.78 -0.715025 -0.656367 0.24067 99.1642 -0.0109105 -0.333739 -0.942602 63.5983 
0.707099 -0.675856 0.207919 -7092.06 -0.707115 -0.67584 0.207916 97.019 -1.2135e-06 -0.294039 -0.955793 58.1667 
-6
0.707112 -0.684889 0.175843 -7077.01 -0.707102 -0.684893 0.175864 97.5723 -1.41787e-05 -0.248695 -0.968582 58.4638 
0.705115 -0.692355 0.153157 -7061.57 -0.709063 -0.686466 0.161229 92.0288 -0.00649052 -0.222283 -0.974961 63.1549 
0.707112 -0.69241 0.143392 -7061.98 -0.707101 -0.692418 0.143406 98.0111 -8.3875e-06 -0.202796 -0.979221 58.771 
0.700429 -0.70355 0.120072 -7028.73 -0.713639 -0.687792 0.132895 95.4104 -0.0109139 -0.178771 -0.98383 66.2326 
0.707113 -0.698394 0.110624 -7047.04 -0.707101 -0.6984 0.11066 98.5532 -2.42233e-05 -0.156472 -0.987682 59.0649 
0.706806 -0.700865 0.0959836 -7018.89 -0.707382 -0.699111 0.104185 88.8172 -0.00591676 -0.141536 -0.989915 64.0015 
0.707101 -0.70284 0.0776087 -7032.02 -0.707112 -0.702827 0.0776345 98.9575 -1.91916e-05 -0.109773 -0.993957 59.3644 
-6
0.707114 -0.705702 0.0444246 -7016.98 -0.707099 -0.705715 0.0444706 99.432 -3.19873e-05 -0.0628584 -0.998022 59.6407 
0.705757 -0.706059 0.0581982 -7002.45 -0.708441 -0.703846 0.0520781 93.0983 0.00419234 -0.0779845 -0.996946 58.0893 
0.707115 -0.707011 0.0111434 -7001.94 -0.707099 -0.707027 0.0111898 100.021 -3.26535e-05 -0.0157919 -0.999875 59.9365 
0.71024 -0.703551 0.0239939 -7008.28 -0.70395 -0.710002 0.0187775 86.8818 0.00382478 -0.0302271 -0.999536 57.8447 
0.707103 -0.706763 -0.0221436 -6987.02 -0.70711 -0.706758 -0.0221031 100.519 -2.84914e-05 0.0312871 -0.99951 60.2402 
0.709703 -0.704341 -0.0150391 -7012.2 -0.7045 -0.709505 -0.0167965 83.7642 0.0011601 0.0225156 -0.999746 60.0405 
0.707129 -0.704911 -0.0554062 -6971.99 -0.707085 -0.704959 -0.0553532 100.931 -4.00252e-05 0.0783187 -0.996928 60.5528 
0.716213 -0.696123 -0.0495139 -6998.84 -0.697882 -0.714372 -0.0513119 80.4043 0.000348009 0.0713051 -0.997454 62.3376 
0.707105 -0.701546 -0.0885165 -6956.97 -0.707108 -0.701546 -0.0884966 101.501 -1.39545e-05 0.125167 -0.992136 60.8609 
0.714031 -0.695008 -0.0843991 -6995.09 -0.700113 -0.709017 -0.0844738 82.326 -0.00113043 0.119406 -0.992845 66.1179 
0.707106 -0.696601 -0.121443 -6941.94 -0.707107 -0.696599 -0.121444 102.019 7.61789e-07 0.171747 -0.985141 61.1415 
0.711914 -0.69236 -0.117546 -6962.64 -0.702266 -0.70205 -0.118097 84.0396 -0.000757278 0.166624 -0.98602 65.9808 
0.707107 -0.690109 -0.154109 -6927.03 -0.707107 -0.690111 -0.154102 102.437 -4.80291e-06 0.217938 -0.975963 61.4486 
0.710379 -0.690753 -0.134989 -6959.94 -0.703811 -0.69628 -0.14087 82.537 0.00331618 0.195078 -0.980782 60.1069 
0.707108 -0.682089 -0.186422 -6912 -0.707106 -0.682094 -0.186412 103.02 -7.40108e-06 0.263633 -0.964623 61.7502 
0.709956 -0.686596 -0.156679 -6933.41 -0.704233 -0.690764 -0.164017 85.1621 0.00438504 0.226783 -0.973935 62.051 
0.707096 -0.672567 -0.21833 -6897.09 -0.707117 -0.67254 -0.218346 103.522 1.64751e-05 0.308777 -0.951135 62.0497 
-6
0.707134 -0.661501 -0.249756 -6882.07 -0.70708 -0.661563 -0.249745 103.969 -2.2744e-05 0.353201 -0.935548 62.3136 
0.719225 -0.652086 -0.23979 -6880.27 -0.694773 -0.676201 -0.245037 81.884 -0.00236097 0.342836 -0.939392 69.7462 
0.707086 -0.649062 -0.280622 -6867.04 -0.707128 -0.649014 -0.280626 104.627 1.5931e-05 0.396862 -0.917878 62.6288 
0.717481 -0.645471 -0.261893 -6865.88 -0.696575 -0.665815 -0.267344 82.6586 -0.00180918 0.374242 -0.927329 71.7999 
0.707123 -0.635085 -0.310877 -6852.05 -0.70709 -0.635113 -0.310894 104.921 2.49526e-06 0.439658 -0.898165 62.9437 
0.714971 -0.633133 -0.296579 -6833.26 -0.699151 -0.648674 -0.300683 86.8987 -0.00201073 0.422333 -0.906438 70.8965 
0.7071 -0.619759 -0.340455 -6837.02 -0.707114 -0.619738 -0.340463 105.542 1.21175e-05 0.481482 -0.876456 63.2889 
0.713103 -0.618441 -0.330175 -6825.29 -0.701056 -0.630557 -0.333044 87.2306 -0.00222556 0.468966 -0.883214 71.9128 
0.707088 -0.603065 -0.369242 -6822.02 -0.707126 -0.603022 -0.36924 106.067 1.45353e-05 0.522186 -0.852832 63.5521 
0.710871 -0.605014 -0.358638 -6789.25 -0.703315 -0.613875 -0.358476 92.2171 -0.00327579 0.507066 -0.861901 74.5613 
0.707101 -0.585 -0.39722 -6807.01 -0.707112 -0.584977 -0.397233 106.513 1.67065e-05 0.561763 -0.827298 63.8441 
0.71224 -0.583499 -0.390184 -6768.85 -0.701925 -0.595214 -0.39118 91.8302 -0.00398992 0.552494 -0.833507 75.0598 
0.707126 -0.565615 -0.424325 -6792 -0.707087 -0.565655 -0.424338 106.95 -9.71402e-06 0.600095 -0.799929 64.127 
0.710412 -0.558944 -0.427665 -6757.88 -0.703786 -0.565139 -0.430469 92.191 -0.00108232 0.606794 -0.794858 73.6579 
0.707103 -0.545031 -0.450496 -6777.01 -0.707111 -0.545008 -0.450512 107.518 1.96867e-05 0.637109 -0.770774 64.4138 
0.71729 -0.529581 -0.452812 -6750.42 -0.696766 -0.541915 -0.469943 86.2838 0.00348707 0.652589 -0.757704 72.4439 
0.707091 -0.523243 -0.475646 -6762 -0.707122 -0.523194 -0.475653 108.036 2.69697e-05 0.67267 -0.739943 64.6891 
0.718986 -0.505739 -0.476746 -6739.66 -0.695019 -0.525931 -0.490251 85.6252 -0.00279661 0.683831 -0.729635 76.7065 
0.707117 -0.500223 -0.499762 -6746.99 -0.707097 -0.50024 -0.499774 108.545 -2.08737e-06 0.706779 -0.707434 64.9851 
0.713996 -0.484377 -0.505558 -6711.28 -0.700116 -0.501029 -0.508731 91.3435 -0.00688227 0.717181 -0.696853 80.7711 
0.707106 -0.476159 -0.522756 -6732.01 -0.707108 -0.476126 -0.522784 108.928 3.0824e-05 0.739308 -0.673367 65.3088 
0.711279 -0.45716 -0.533936 -6697.94 -0.702862 -0.471466 -0.532639 97.0644 -0.00823083 0.754138 -0.656664 81.7289 
0.707082 -0.451044 -0.544604 -6717 -0.707131 -0.450945 -0.544623 109.507 6.25911e-05 0.7702 -0.637802 65.6658 
0.71102 -0.434724 -0.552689 -6679.21 -0.70313 -0.448051 -0.55214 96.5047 -0.00760414 0.781195 -0.624241 81.6653 
0.707095 -0.42489 -0.56523 -6702 -0.707118 -0.424971 -0.56514 110.065 -8.41396e-05 0.799292 -0.600942 65.937 
0.705604 -0.421666 -0.569491 -6684.66 -0.708587 -0.425704 -0.562743 99.4095 -0.00514526 0.800608 -0.599166 80.663 
0.707108 -0.397796 -0.584599 -6687.02 -0.707105 -0.397751 -0.584633 110.393 3.96659e-05 0.826772 -0.562537 66.191 
0.708127 -0.39628 -0.584396 -6663.55 -0.706083 -0.399594 -0.584613 99.4056 -0.00185055 0.826612 -0.56277 76.1079 
0.707109 -0.369841 -0.602673 -6672.02 -0.707104 -0.369803 -0.602702 110.914 3.36752e-05 0.852329 -0.523007 66.5173 
0.708392 -0.366822 -0.603011 -6665.21 -0.705819 -0.367591 -0.605555 97.6489 0.00046903 0.854587 -0.519308 79.049 
0.70711 -0.341032 -0.619429 -6657.02 -0.707104 -0.341162 -0.619365 111.52 -0.000102496 0.87596 -0.482384 66.8251 
0.706763 -0.341396 -0.619625 -6645.2 -0.707448 -0.343661 -0.617588 100.872 -0.00209844 0.87484 -0.484407 77.4807 
0.707075 -0.311545 -0.634811 -6642.05 -0.707139 -0.311421 -0.6348 111.917 7.53879e-05 0.897751 -0.440504 67.0916 
0.706252 -0.315979 -0.633534 -6640.47 -0.707949 -0.320472 -0.62937 99.2689 -0.00416174 0.893003 -0.450031 76.7036 
0.7071 -0.281265 -0.648768 -6627.06 -0.707114 -0.281361 -0.648711 112.474 -7.83365e-05 0.917456 -0.397837 67.4054 
0.707598 -0.277147 -0.649996 -6636.58 -0.706593 -0.284766 -0.647792 94.237 -0.00556338 0.917659 -0.39733 83.0634 
0.707101 -0.250424 -0.661284 -6611.97 -0.707113 -0.250522 -0.661234 113.008 -7.73462e-05 0.935161 -0.354223 67.7171 
0.714465 -0.246209 -0.65492 -6619.27 -0.69965 -0.258545 -0.666066 94.1337 -0.00533477 0.934096 -0.356982 80.715 
0.707077 -0.21902 -0.672363 -6596.98 -0.707136 -0.219063 -0.672287 113.546 -4.55637e-05 0.950811 -0.309771 68.0597 
0.697852 -0.243904 -0.673434 -6631.62 -0.716215 -0.229521 -0.659057 112.495 0.00617941 0.942248 -0.334859 73.3003 
0.70709 -0.187112 -0.681918 -6582 -0.707123 -0.18719 -0.681863 114.056 -6.38637e-05 0.964339 -0.264672 68.3233 
0.709096 -0.207652 -0.673843 -6598.71 -0.705047 -0.195781 -0.6816 100.684 0.00961037 0.95841 -0.285232 71.9397 
0.707079 -0.154828 -0.689976 -6567.04 -0.707134 -0.154863 -0.689912 114.448 -3.44295e-05 0.975728 -0.218984 68.5945 
-6
0.707117 -0.122108 -0.696474 -6552.05 -0.707097 -0.122256 -0.696468 115.042 -0.000103663 0.984959 -0.172791 68.888 
0.712639 -0.137349 -0.687954 -6547.7 -0.701508 -0.131596 -0.700406 98.2093 0.00566837 0.981742 -0.190132 80.3342 
0.707094 -0.0891989 -0.701472 -6536.98 -0.70712 -0.0892663 -0.701436 115.456 -5.04211e-05 0.992006 -0.126194 69.2172 
0.707145 -0.103834 -0.699403 -6515.35 -0.707061 -0.0991409 -0.700169 109.565 0.00336159 0.989641 -0.143524 81.6635 
0.707082 -0.0560907 -0.704903 -6522 -0.707131 -0.0561385 -0.70485 116.009 -3.66891e-05 0.996846 -0.079358 69.4788 
0.702424 -0.0737716 -0.707926 -6502.45 -0.71175 -0.0678684 -0.699146 112.29 0.0035313 0.994963 -0.100179 83.3368 
0.707083 -0.0228551 -0.706761 -6507.05 -0.70713 -0.0228843 -0.706713 116.426 -2.17373e-05 0.999477 -0.0323427 69.7822 
0.703695 -0.023818 -0.710103 -6494.45 -0.710501 -0.021729 -0.703361 110.785 0.00132282 0.99948 -0.0322133 84.6507 
0.707072 0.0104653 -0.707064 -6492.07 -0.707142 0.0104185 -0.706995 117.052 -3.23459e-05 0.999891 0.0147671 70.1172 
0.702945 0.010908 -0.71116 -6491.44 -0.711243 0.00887193 -0.702891 112.61 -0.00135775 0.999901 0.0139947 87.2969 
0.707073 0.0437371 -0.705786 -6476.9 -0.70714 0.0437197 -0.70572 117.483 -9.39124e-06 0.998086 0.0618413 70.4212 
0.706336 0.0462807 -0.706362 -6464.25 -0.707871 0.0503954 -0.704542 108.106 0.00299073 0.997656 0.0683568 83.2539 
0.70705 0.0769 -0.70297 -6462.03 -0.707164 0.0769086 -0.702855 117.96 1.49251e-05 0.994068 0.108759 70.7171 
0.709058 0.0803887 -0.700553 -6441.25 -0.705147 0.0779617 -0.704762 106.931 -0.00203861 0.99371 0.111965 88.8387 
0.707063 0.109939 -0.698552 -6446.99 -0.707151 0.109907 -0.698469 118.392 -1.30448e-05 0.987843 0.155454 71.008 
-6
0.707076 0.142661 -0.692597 -6431.93 -0.707137 0.142615 -0.692544 118.89 -2.48013e-05 0.979443 0.201721 71.3163 
0.711088 0.15434 -0.685954 -6411.65 -0.703094 0.151252 -0.694825 106.565 -0.00348713 0.976372 0.216069 85.6558 
0.707065 0.17518 -0.685107 -6416.97 -0.707148 0.175141 -0.685031 119.514 -1.34406e-05 0.968833 0.247714 71.6674 
0.712925 0.186394 -0.676014 -6399.63 -0.701239 0.187554 -0.687814 102.061 -0.00141556 0.964407 0.264418 89.6087 
0.707091 0.207182 -0.676091 -6402.01 -0.707123 0.207154 -0.676066 119.874 -1.36086e-05 0.956119 0.292979 71.9171 
0.716032 0.21907 -0.662802 -6389.58 -0.698052 0.21839 -0.68193 102.083 -0.00464123 0.950954 0.309296 89.914 
0.707092 0.238861 -0.665558 -6386.95 -0.707122 0.238812 -0.665543 120.43 -2.90474e-05 0.94123 0.337765 72.1945 
0.715861 0.243947 -0.654242 -6363 -0.698242 0.248769 -0.671247 102.435 -0.000993344 0.937339 0.348418 90.4273 
0.707068 0.269886 -0.653618 -6372 -0.707145 0.269838 -0.653554 120.981 -1.43782e-05 0.92431 0.381642 72.5147 
0.71243 0.272571 -0.646645 -6335.46 -0.701741 0.279237 -0.655429 108.043 0.00191629 0.920724 0.39021 91.0147 
0.707057 0.300414 -0.640173 -6357.04 -0.707156 0.300385 -0.640077 121.51 1.06497e-05 0.905274 0.424829 72.8082 
0.709638 0.29935 -0.637811 -6333.25 -0.704557 0.306146 -0.640214 111.59 0.00361523 0.903694 0.428163 88.3116 
0.707095 0.330188 -0.625294 -6341.99 -0.707119 0.330132 -0.625296 121.992 -3.56538e-05 0.884301 0.466917 73.1092 
0.713538 0.334077 -0.615838 -6333.14 -0.700616 0.339061 -0.627834 104.308 -0.000938165 0.879449 0.475992 92.6161 
0.707084 0.359215 -0.609095 -6327.04 -0.70713 0.359171 -0.609068 122.479 -1.73079e-05 0.861372 0.507975 73.4405 
0.713186 0.356492 -0.603555 -6329.81 -0.700972 0.365043 -0.612684 102.535 0.00190656 0.860033 0.510235 90.5415 
0.707049 0.387531 -0.591524 -6312 -0.707165 0.387532 -0.591386 123.029 5.37583e-05 0.836444 0.548052 73.7217 
0.714107 0.386961 -0.583363 -6325.53 -0.70003 0.391135 -0.597471 102.115 -0.00302424 0.83503 0.550196 93.4679 
0.707099 0.414915 -0.572588 -6297.06 -0.707115 0.414902 -0.572577 123.463 -2.85044e-06 0.809754 0.586769 74.0164 
-6
0.707087 0.441487 -0.552374 -6281.92 -0.707126 0.441439 -0.552362 124.052 -2.14449e-05 0.781167 0.624323 74.2685 
0.714139 0.437238 -0.546652 -6283.28 -0.700003 0.447144 -0.556828 106.019 0.000965527 0.780311 0.625391 92.5933 
0.707065 0.466945 -0.531057 -6266.98 -0.707149 0.466945 -0.530945 124.562 5.2361e-05 0.750949 0.66036 74.6183 
0.716028 0.4563 -0.528294 -6276.8 -0.698068 0.470612 -0.539654 107.351 0.00237739 0.755192 0.655499 91.0176 
0.707066 0.491485 -0.508429 -6251.95 -0.707148 0.491479 -0.508321 125.004 4.9949e-05 0.718951 0.695061 74.9412 
0.718256 0.476991 -0.506546 -6272.6 -0.695758 0.498059 -0.51755 107.087 0.00542317 0.724166 0.689604 89.7506 
0.707079 0.514852 -0.484734 -6237.01 -0.707135 0.514828 -0.484678 125.569 1.75317e-05 0.685478 0.728093 75.2332 
0.716692 0.501199 -0.484925 -6246.64 -0.697382 0.518301 -0.494997 107.486 0.00324484 0.692939 0.720989 90.0031 
0.70708 0.537068 -0.459995 -6221.98 -0.707134 0.536934 -0.46007 126.082 -0.000102342 0.650584 0.759434 75.5394 
0.708565 0.524024 -0.472583 -6227.95 -0.705634 0.530019 -0.470278 119.91 0.00404132 0.666693 0.745322 88.2122 
0.707106 0.558162 -0.434116 -6206.96 -0.707108 0.558162 -0.434112 126.471 1.97241e-06 0.61393 0.789361 75.7566 
0.713365 0.541556 -0.444778 -6202.76 -0.700792 0.552144 -0.451694 114.855 0.000963982 0.63392 0.773398 90.6523 
0.707083 0.577964 -0.407421 -6192.03 -0.707131 0.577948 -0.407359 126.97 2.91853e-05 0.576137 0.817353 76.0902 
0.711426 0.567383 -0.414668 -6182.91 -0.70275 0.577641 -0.415298 116.322 0.0038965 0.586862 0.809677 91.2662 
0.707072 0.59655 -0.379708 -6177.01 -0.707142 0.596433 -0.379761 127.523 -7.55756e-05 0.537025 0.843566 76.4404 
0.707619 0.596771 -0.378338 -6145.73 -0.70659 0.595809 -0.381762 121.433 -0.00240716 0.537472 0.843278 97.7133 
0.707085 0.61374 -0.351218 -6162.09 -0.707129 0.613628 -0.351326 128.074 -0.000105531 0.496774 0.86788 76.694 
0.709183 0.612111 -0.349827 -6136.53 -0.705022 0.614663 -0.35374 121.829 -0.00150264 0.497503 0.867461 96.5674 
0.707074 0.629628 -0.321892 -6147.07 -0.707139 0.629606 -0.321793 128.482 5.52313e-05 0.455154 0.890413 77.0019 
0.708515 0.628015 -0.321874 -6119.26 -0.70569 0.628746 -0.326619 121.307 -0.00274522 0.458558 0.88866 97.8841 
0.707051 0.644083 -0.291952 -6132.06 -0.707163 0.64395 -0.291975 129.064 -5.369e-05 0.412899 0.910777 77.3204 
0.712631 0.638441 -0.290775 -6105.3 -0.701534 0.646944 -0.298854 118.582 -0.00268572 0.416961 0.908921 98.5421 
0.707089 0.657073 -0.261306 -6116.95 -0.707125 0.656988 -0.261421 129.502 -9.77953e-05 0.369624 0.929181 77.5589 
0.708321 0.658078 -0.255371 -6090.22 -0.70589 0.660041 -0.257032 123.615 -0.000591069 0.362325 0.932052 95.6203 
0.70709 0.668667 -0.230018 -6102.05 -0.707123 0.668599 -0.230113 129.942 -7.94838e-05 0.325362 0.94559 77.8823 
0.709542 0.667943 -0.224503 -6077.18 -0.70466 0.671603 -0.22892 124.617 -0.00212837 0.320627 0.947203 99.8061 
0.707067 0.67876 -0.198346 -6087.03 -0.707146 0.678663 -0.198394 130.477 -5.19552e-05 0.280538 0.959843 78.231 
0.714786 0.674806 -0.183625 -6069.34 -0.699312 0.687181 -0.196839 117.294 -0.006644 0.269109 0.963087 102.247 
0.707069 0.687333 -0.166213 -6072.03 -0.707145 0.687243 -0.166262 130.969 -4.88354e-05 0.235096 0.971972 78.5448 
0.71735 0.681578 -0.144429 -6068.66 -0.696685 0.699897 -0.157398 118.553 -0.00619386 0.213531 0.976917 103.402 
0.707106 0.694378 -0.133566 -6057.04 -0.707107 0.694355 -0.133679 131.429 -8.12571e-05 0.188971 0.981983 78.7817 
0.708545 0.694429 -0.125426 -6017.41 -0.705665 0.697175 -0.126427 129.666 -0.000350459 0.178088 0.984015 99.3056 
0.707084 0.699908 -0.100801 -6041.94 -0.70713 0.699857 -0.100836 131.846 -2.97173e-05 0.142579 0.989783 79.2099 
0.709572 0.699021 -0.0887557 -5994.59 -0.704619 0.703109 -0.0956549 127.351 -0.00445984 0.130413 0.99145 97.4381 
0.707061 0.703906 -0.067685 -6027.04 -0.707153 0.703815 -0.0676745 132.506 1.22716e-06 0.0957137 0.995409 79.473 
0.710316 0.700934 -0.0643659 -5991.7 -0.703881 0.707554 -0.0626007 128.241 0.00166341 0.0897722 0.995961 96.547 
0.707099 0.706273 -0.0344999 -6012.02 -0.707115 0.706255 -0.0345262 132.991 -1.92052e-05 0.0488089 0.998808 79.7402 
0.710387 0.70295 -0.0347953 -5986.29 -0.703795 0.709839 -0.028308 126.17 0.00479999 0.0445984 0.998993 94.8039 
0.707076 0.707136 -0.00128139 -5997.04 -0.707137 0.707075 -0.00124728 133.46 2.40438e-05 0.00178804 0.999998 80.077 
0.708708 0.705495 -0.00322379 -5966.31 -0.705496 0.708713 0.000980998 129.667 0.00297683 0.00157913 0.999994 95.6404 
0.707077 0.706407 0.0321138 -5982.04 -0.707136 0.706348 0.0321026 134.029 -5.99253e-06 -0.0454079 0.998969 80.359 
0.709268 0.704313 0.0297073 -5963.2 -0.704937 0.708546 0.0320296 128.611 0.0015099 -0.0436594 0.999045 96.9027 
0.707091 0.704099 0.065326 -5966.97 -0.707123 0.704071 0.0652774 134.403 -3.24334e-05 -0.0923505 0.995727 80.8423 
0.709206 0.70261 0.0580184 -5947.77 -0.704997 0.706495 0.0620012 130.124 0.00257293 -0.0848744 0.996388 93.7373 
0.70708 0.700249 0.0984333 -5951.99 -0.707133 0.700192 0.0984546 134.914 2.04582e-05 -0.139221 0.990261 80.9404 
-6
0.707057 0.694869 0.131251 -5936.98 -0.707157 0.694765 0.13127 135.59 2.65664e-05 -0.18563 0.98262 81.2212 
0.71223 0.691067 0.123106 -5922.09 -0.701945 0.700982 0.126083 130.598 0.000836605 -0.176214 0.984352 92.6527 
0.707059 0.687929 0.163773 -5922.01 -0.707155 0.687823 0.163804 136.032 3.87091e-05 -0.231632 0.972803 81.5502 
0.711859 0.68997 0.131139 -5928.16 -0.702282 0.697294 0.143463 126.956 0.00754256 -0.194222 0.980929 88.0845 
0.707035 0.67948 0.195981 -5907.04 -0.707178 0.679306 0.196068 136.891 9.29913e-05 -0.27722 0.960806 81.2168 
0.712444 0.681624 0.166771 -5889.1 -0.70168 0.689182 0.180759 126.512 0.00827403 -0.245801 0.969285 87.2894 
0.70705 0.669483 0.227756 -5891.97 -0.707164 0.669336 0.227834 137.04 8.56651e-05 -0.322151 0.946688 82.0604 
0.710511 0.674689 0.199924 -5879.55 -0.703669 0.679212 0.208617 129.32 0.00496084 -0.288905 0.957345 89.2583 
0.707063 0.658013 0.258999 -5877.01 -0.70715 0.657897 0.259057 137.408 6.83675e-05 -0.366321 0.930489 82.4402 
0.711624 0.662515 0.233806 -5851.37 -0.702561 0.670782 0.237613 134.096 0.000589634 -0.333354 0.942801 93.3038 
0.707077 0.645035 0.289778 -5862.02 -0.707137 0.644954 0.289814 137.95 4.67668e-05 -0.409834 0.91216 82.7838 
0.711006 0.653289 0.26016 -5826.35 -0.703174 0.658374 0.268497 134.983 0.0041233 -0.373841 0.927484 94.3326 
0.707066 0.630705 0.319795 -5847.06 -0.707147 0.6306 0.319822 138.483 5.03464e-05 -0.452278 0.891877 83.1042 
0.70996 0.634237 0.306106 -5809.97 -0.70424 0.63836 0.310712 134.068 0.00165945 -0.436166 0.899865 92.2948 
0.707067 0.614915 0.349191 -5832.01 -0.707146 0.614808 0.349221 139.053 5.6058e-05 -0.493852 0.869546 83.2242 
0.711241 0.61459 0.341198 -5803.67 -0.702945 0.620258 0.348065 133.437 0.00228697 -0.487401 0.873175 93.6542 
0.707069 0.597804 0.377734 -5816.93 -0.707144 0.597791 0.377615 139.466 -6.5944e-05 -0.534113 0.845413 83.7602 
0.710656 0.598358 0.370047 -5781.47 -0.703539 0.603583 0.375128 134.445 0.0011064 -0.526929 0.849908 92.2205 
0.707071 0.579387 0.405415 -5801.98 -0.707142 0.579365 0.405322 139.913 -4.45689e-05 -0.573278 0.819361 84.0586 
0.709312 0.579289 0.401623 -5772.07 -0.704894 0.582143 0.405258 136.478 0.000959843 -0.570556 0.821258 93.7092 
0.707097 0.559578 0.432304 -5787.04 -0.707116 0.559614 0.432225 140.324 -5.95798e-05 -0.611314 0.791388 84.3733 
0.713332 0.551491 0.432452 -5751.85 -0.700825 0.562339 0.438884 133.906 -0.00114474 -0.616143 0.787633 94.0016 
0.70705 0.538712 0.458117 -5772.06 -0.707164 0.538625 0.458042 141.228 -4.6247e-07 -0.647822 0.761792 84.2904 
0.71634 0.524985 0.459616 -5740.33 -0.697744 0.541929 0.468472 132.658 -0.00313812 -0.65628 0.754511 94.1296 
0.707112 0.516457 0.482975 -5756.94 -0.707101 0.516552 0.482889 141.319 -9.01259e-05 -0.682969 0.730447 85.0441 
0.71379 0.503824 0.486483 -5731.76 -0.700348 0.517425 0.491715 133.479 -0.0039807 -0.691688 0.722185 96.7049 
0.707066 0.493186 0.50678 -5742 -0.707148 0.493107 0.506742 141.954 2.1523e-05 -0.716668 0.697414 85.1362 
0.715135 0.477936 0.510057 -5732.12 -0.698956 0.495746 0.515457 131.074 -0.00650332 -0.725129 0.688582 100.961 
0.707092 0.468742 0.529435 -5727.04 -0.707122 0.468754 0.529385 142.357 -2.95022e-05 -0.748699 0.66291 85.7544 
0.716016 0.459707 0.525348 -5714.66 -0.698068 0.476672 0.534308 131.638 -0.00479338 -0.749302 0.662211 98.32 
0.707057 0.443408 0.550872 -5712.01 -0.707157 0.443319 0.550815 143.119 2.41442e-05 -0.779011 0.627011 85.5571 
0.713249 0.434296 0.550148 -5679.75 -0.700903 0.44552 0.556998 137.263 -0.00319942 -0.782879 0.622166 95.4716 
0.707059 0.416917 0.571182 -5696.96 -0.707155 0.416808 0.571142 143.541 4.53932e-05 -0.807745 0.589533 85.9243 
0.711482 0.416962 0.565629 -5664.7 -0.7027 0.425072 0.57055 138.921 -0.00253488 -0.803403 0.59543 95.4459 
0.707085 0.389519 0.590175 -5682.04 -0.707129 0.389512 0.590126 143.851 -1.45779e-05 -0.834599 0.550858 86.5791 
0.713023 0.378742 0.590045 -5662.81 -0.701109 0.393203 0.594843 137.296 -0.00671595 -0.837822 0.545902 100.763 
0.707062 0.36139 0.607833 -5666.99 -0.707152 0.361313 0.607774 144.625 2.57108e-05 -0.859564 0.511028 86.5606 
0.711917 0.354804 0.606042 -5662.39 -0.702257 0.363404 0.612187 137.225 -0.00303181 -0.861424 0.507878 100.768 
0.707088 0.332274 0.624196 -5651.99 -0.707126 0.332235 0.624174 144.951 1.72245e-05 -0.882731 0.469879 86.8862 
0.709921 0.325052 0.624783 -5651.85 -0.704267 0.333313 0.626825 140.754 -0.00449786 -0.88501 0.465549 103.207 
0.707078 0.302557 0.639141 -5636.94 -0.707136 0.302495 0.639105 145.572 2.83972e-05 -0.903856 0.427836 87.2459 
0.712663 0.301516 0.633404 -5620.17 -0.701498 0.310877 0.641292 138.994 -0.00355085 -0.901356 0.433063 98.2006 
0.70708 0.272158 0.652662 -5622.04 -0.707134 0.272094 0.65263 145.963 3.32144e-05 -0.922981 0.384845 87.6254 
0.711042 0.271674 0.648547 -5612.47 -0.703135 0.280736 0.65329 140.356 -0.00458883 -0.920533 0.390639 99.9682 
0.707069 0.241074 0.664783 -5607 -0.707145 0.24098 0.664737 146.617 5.11133e-05 -0.940113 0.340863 87.7509 
0.71135 0.237833 0.661375 -5597.75 -0.702824 0.246701 0.667216 139.905 -0.00447581 -0.939454 0.342645 98.4706 
0.707071 0.209547 0.675382 -5592 -0.707143 0.209435 0.675342 147.04 6.71238e-05 -0.955106 0.296265 88.0991 
0.713136 0.218536 0.666093 -5584.48 -0.701023 0.21949 0.678521 138.855 0.00208027 -0.950824 0.309725 93.3941 
0.707085 0.177552 0.684475 -5576.98 -0.707128 0.177439 0.68446 147.521 7.49395e-05 -0.967983 0.251017 88.3833 
0.713525 0.184528 0.675893 -5566.95 -0.700629 0.18635 0.688761 138.796 0.00114305 -0.964999 0.262252 92.7713 
0.707063 0.145059 0.692113 -5562.09 -0.707151 0.144895 0.692057 148.016 0.000105296 -0.978756 0.205028 88.7844 
0.714291 0.165256 0.680058 -5545.17 -0.699814 0.158929 0.696421 136.891 0.00700677 -0.973361 0.22917 88.1129 
0.707089 0.112315 0.698148 -5546.98 -0.707125 0.112221 0.698127 148.508 6.33326e-05 -0.987316 0.15877 89.0171 
0.711854 0.121032 0.691821 -5514.41 -0.702328 0.122751 0.70119 140.835 -5.55796e-05 -0.98503 0.172385 95.5345 
0.707103 0.0792997 0.70265 -5532 -0.707111 0.0792376 0.702649 148.898 4.352e-05 -0.993697 0.112103 89.3184 
0.71258 0.0854166 0.696372 -5495.47 -0.701587 0.0898506 0.706896 142.656 -0.00218875 -0.992286 0.123953 95.5796 
0.707093 0.0461721 0.705612 -5517.08 -0.707121 0.0462184 0.705581 149.485 -3.41146e-05 -0.997864 0.0653299 89.6447 
0.70867 0.049423 0.703807 -5489.56 -0.70553 0.0548688 0.706552 146.836 -0.00369711 -0.99727 0.0737533 97.6587 
0.707095 0.0128927 0.707001 -5501.98 -0.707119 0.0127602 0.70698 149.994 9.33906e-05 -0.999835 0.0181393 89.9751 
0.712573 0.00988164 0.701529 -5468.02 -0.701582 0.0167614 0.712391 143.762 -0.00471902 -0.999811 0.0188765 96.9386 
0.707096 -0.0204269 0.706822 -5487 -0.707117 -0.0203557 0.706803 150.493 -4.99383e-05 -0.999584 -0.0288377 90.2798 
0.710951 -0.0241753 0.702826 -5458.88 -0.703229 -0.0183913 0.710726 144.339 -0.00425616 -0.999539 -0.0300761 97.2196 
0.707111 -0.0536744 0.705063 -5471.91 -0.707103 -0.0536237 0.705074 151.034 -3.63931e-05 -0.997118 -0.0758712 90.5408 
0.710967 -0.0534812 0.701189 -5444.07 -0.70322 -0.0499891 0.709213 145.851 -0.00287775 -0.997317 -0.0731497 98.1559 
0.707101 -0.0867626 0.701769 -5456.92 -0.707112 -0.086793 0.701754 151.453 2.26262e-05 -0.992441 -0.122722 90.8402 
0.709957 -0.0936922 0.697985 -5427.93 -0.70423 -0.0880194 0.704494 144.499 -0.00456935 -0.991703 -0.128471 98.3063 
0.707127 -0.119764 0.69687 -5442.03 -0.707087 -0.119722 0.696918 151.998 -3.51955e-05 -0.985557 -0.169342 91.1555 
0.710456 -0.128028 0.691998 -5407.74 -0.703724 -0.122318 0.699865 145.217 -0.00495807 -0.984199 -0.176998 98.4074 
0.707129 -0.152443 0.690456 -5426.98 -0.707085 -0.152413 0.690508 152.441 -2.9155e-05 -0.976489 -0.215566 91.4621 
0.709944 -0.166182 0.684371 -5399.88 -0.704228 -0.158488 0.692058 145.877 -0.00654262 -0.973275 -0.229548 99.5527 
0.707119 -0.184794 0.682521 -5411.99 -0.707095 -0.184759 0.682555 152.981 -3.0394e-05 -0.965254 -0.261314 91.7555 
0.711993 -0.196512 0.674129 -5384.83 -0.702125 -0.186489 0.687199 143.823 -0.00932487 -0.962603 -0.270755 102.373 
0.707097 -0.216698 0.673095 -5397.04 -0.707117 -0.21671 0.673069 153.491 1.41611e-05 -0.951882 -0.306466 92.0854 
0.706674 -0.235095 0.66734 -5383.86 -0.707504 -0.225284 0.66984 149.885 -0.00713529 -0.945504 -0.325533 104.395 
0.707123 -0.248166 0.662111 -5381.98 -0.70709 -0.248176 0.662142 153.93 -1.58764e-06 -0.936388 -0.350967 92.3478 
0.712227 -0.259015 0.652414 -5363.56 -0.701921 -0.254471 0.665245 144.493 -0.00628835 -0.931749 -0.363049 100.988 
0.707101 -0.279073 0.649713 -5367 -0.707113 -0.279081 0.649696 154.568 1.05457e-05 -0.918821 -0.394675 92.6289 
0.710861 -0.286192 0.642473 -5347.17 -0.703309 -0.281757 0.652663 146.081 -0.00576578 -0.91581 -0.401571 100.697 
0.707091 -0.30931 0.635885 -5352.04 -0.707122 -0.309377 0.635817 155.063 6.39169e-05 -0.899229 -0.437478 92.9439 
0.713484 -0.31403 0.62636 -5337.86 -0.700655 -0.313585 0.640896 141.808 -0.00484311 -0.89613 -0.443764 98.7588 
0.707105 -0.338918 0.620594 -5336.98 -0.707108 -0.338975 0.620559 155.506 4.71433e-05 -0.877628 -0.479343 93.2601 
0.710522 -0.347593 0.611831 -5331.13 -0.703631 -0.341307 0.623227 146.138 -0.00780748 -0.87332 -0.487084 101.218 
0.707107 -0.36779 0.603929 -5322.05 -0.707107 -0.367804 0.603921 156.051 1.16079e-05 -0.854079 -0.520144 93.5461 
0.714101 -0.370484 0.593971 -5316.27 -0.700028 -0.372392 0.609332 143.021 -0.00455755 -0.850921 -0.525275 100.374 
0.70711 -0.3958 0.58595 -5307.01 -0.707104 -0.395887 0.585899 156.413 7.13116e-05 -0.828623 -0.559807 93.8917 
0.711942 -0.400207 0.577038 -5292.31 -0.702207 -0.39799 0.590346 145.971 -0.00660519 -0.825493 -0.564374 100.533 
0.707088 -0.422932 0.566705 -5291.97 -0.707126 -0.423044 0.566575 156.94 0.000118701 -0.80135 -0.598196 93.997 
0.711115 -0.42337 0.561313 -5260.66 -0.70307 -0.424987 0.570157 147.886 -0.00283638 -0.80009 -0.599874 97.3244 
0.707126 -0.449154 0.546107 -5277.02 -0.707087 -0.449239 0.546088 157.477 5.51188e-05 -0.772298 -0.63526 94.4459 
0.712871 -0.438358 0.54741 -5248.96 -0.701294 -0.444221 0.557543 146.566 -0.00123236 -0.781352 -0.62409 95.5402 
0.707104 -0.474366 0.524386 -5261.98 -0.707109 -0.474436 0.524315 158.033 7.03405e-05 -0.741544 -0.670904 94.7474 
0.713227 -0.465515 0.524026 -5238.07 -0.700933 -0.473941 0.532986 145.047 0.000244601 -0.747447 -0.664322 95.6453 
0.707119 -0.498538 0.501441 -5247.05 -0.707095 -0.498512 0.5015 158.481 -4.19438e-05 -0.709187 -0.705021 95.057 
0.714803 -0.479446 0.509105 -5232.53 -0.699325 -0.491168 0.519325 142.919 0.00106713 -0.727245 -0.686377 92.1389 
0.707109 -0.521607 0.477413 -5231.93 -0.707105 -0.521579 0.477449 158.932 -3.20993e-05 -0.67519 -0.737644 95.3922 
0.713577 -0.50856 0.481846 -5219.77 -0.700573 -0.51562 0.493288 144.687 -0.00241702 -0.689567 -0.724218 94.9045 
0.707111 -0.543512 0.452315 -5216.99 -0.707103 -0.543476 0.452371 159.525 -4.64017e-05 -0.63971 -0.768617 95.6912 
0.714861 -0.526242 0.460481 -5206.4 -0.699266 -0.537726 0.471039 142.657 -0.000267704 -0.658726 -0.752383 94.9763 
0.707114 -0.564188 0.426241 -5201.98 -0.7071 -0.564188 0.426264 159.935 -1.2873e-05 -0.602813 -0.797883 95.9739 
0.713361 -0.549024 0.435532 -5188.72 -0.700796 -0.558578 0.443707 146.906 -0.000327032 -0.621742 -0.783222 95.9496 
0.707104 -0.583634 0.399219 -5186.96 -0.70711 -0.583629 0.399215 160.513 1.69122e-07 -0.564578 -0.82538 96.2518 
