1 -7.03546e-06 3.44555e-07 -5500.24 4.7123e-06 0.704547 0.709657 -0.0560488 -5.23552e-06 -0.709657 0.704547 0.0273888 
0.999527 0.0102947 0.0289926 -5664.5 -0.0264353 0.769465 0.638142 48.0545 -0.0157393 -0.638606 0.769373 38.1362 
1 -5.05377e-06 -2.74165e-07 -5483.66 3.66513e-06 0.685742 0.727845 -0.0271895 -3.49035e-06 -0.727845 0.685742 0.0049022 
0.999566 0.0143396 0.0257485 -5663.52 -0.0275648 0.764047 0.644571 44.8629 -0.0104302 -0.645001 0.764111 35.2994 
1 -8.11234e-06 1.39889e-06 -5466.88 4.36332e-06 0.666428 0.745569 0.00681544 -6.98057e-06 -0.745569 0.666428 -0.0120315 
0.999467 0.018552 0.0268591 -5645.69 -0.0318325 0.736166 0.676052 45.7181 -0.00723064 -0.676547 0.736364 34.9523 
1 -1.15751e-05 5.23755e-06 -5450.21 3.49044e-06 0.646683 0.762759 0.0116379 -1.22161e-05 -0.762759 0.646683 0.00563393 
-6
1 -1.15117e-05 1.91052e-05 -5433.53 -7.67945e-06 0.626481 0.779437 0.0188497 -2.09417e-05 -0.779437 0.626481 0.0428743 
0.999741 0.00820588 0.0212326 -5586.14 -0.0214831 0.648508 0.760904 31.7773 -0.0075256 -0.761163 0.648516 38.6859 
1 -9.02926e-06 -3.21544e-06 -5416.95 8.02842e-06 0.605836 0.79559 -0.0302236 -5.23556e-06 -0.79559 0.605836 0.0128349 
0.999807 0.00176903 0.0195731 -5584.89 -0.0162232 0.636419 0.771173 33.2935 -0.0110925 -0.771342 0.636325 41.4531 
1 -8.30294e-06 3.40373e-06 -5400.28 2.09424e-06 0.584774 0.811197 -0.0195116 -8.72573e-06 -0.811197 0.584774 0.0149908 
0.999799 0.00638621 0.0190191 -5565.68 -0.0187779 0.631653 0.775024 32.5749 -0.007064 -0.775225 0.631646 40.9616 
1 -2.9162e-06 8.11432e-06 -5383.51 -5.06158e-06 0.563324 0.826236 0.00258335 -6.98046e-06 -0.826236 0.563324 0.00405102 
-6
1 -1.2115e-05 6.97326e-06 -5366.84 6.97887e-07 0.541503 0.840699 0.00741127 -1.39611e-05 -0.840699 0.541503 0.020941 
-6
1 -7.05317e-06 1.83498e-06 -5350.27 2.09439e-06 0.51928 0.854604 -0.0067459 -6.98054e-06 -0.854604 0.51928 0.0109601 
-6
1 -1.27472e-07 3.29051e-06 -5333.61 -2.79256e-06 0.496716 0.867913 0.0123363 -1.74508e-06 -0.867913 0.496716 -0.00953548 
0.999922 -0.0117672 -0.00409635 -5449.8 0.00911726 0.466921 0.884252 -3.38633 -0.0084925 -0.884221 0.466992 35.6642 
1 -5.81645e-06 3.92225e-06 -5316.84 -6.98254e-07 0.473796 0.880635 -0.00417827 -6.98051e-06 -0.880635 0.473796 -0.0091768 
0.99996 -0.00892236 -0.00108901 -5442.74 0.00488476 0.437713 0.899101 -1.14684 -0.00754543 -0.89907 0.437739 37.7054 
1 -8.87569e-06 5.65297e-06 -5300.17 -1.04738e-06 0.450581 0.892735 0.00873184 -1.04708e-05 -0.892735 0.450581 0.032221 
0.999936 -0.0108047 -0.00333016 -5434.04 0.00755816 0.419742 0.907612 -1.8112 -0.00840866 -0.907579 0.419797 39.1121 
1 -1.29351e-05 9.38988e-06 -5283.61 -2.96761e-06 0.426995 0.904254 0.0107001 -1.57061e-05 -0.904254 0.426995 0.0561146 
0.999754 -0.0215319 -0.0054027 -5423.98 0.0130586 0.373606 0.927496 -7.275 -0.0179523 -0.927338 0.373795 44.8956 
1 -8.89978e-06 1.4418e-06 -5266.85 2.26878e-06 0.403178 0.915122 -0.0194643 -8.72568e-06 -0.915122 0.403178 0.00132095 
0.999694 -0.0232853 -0.00836836 -5409.49 0.0157686 0.338919 0.940683 -9.88649 -0.0190678 -0.940527 0.339183 45.5517 
1 -9.02742e-06 5.58468e-06 -5250.19 -1.74551e-06 0.379101 0.925355 0.0174242 -1.04707e-05 -0.925355 0.379101 -0.00891615 
0.999624 -0.0243099 -0.012701 -5373.51 0.0200295 0.330654 0.94354 -8.67581 -0.0187377 -0.943439 0.331016 40.8087 
1 -1.11519e-05 1.24286e-07 -5233.63 3.83954e-06 0.354715 0.934974 -0.00978674 -1.04708e-05 -0.934974 0.354715 0.0153569 
0.99958 -0.0234373 -0.0170361 -5357.12 0.0233067 0.301059 0.953321 -11.9407 -0.0172144 -0.953317 0.301479 37.4638 
1 -2.06656e-05 9.63137e-06 -5216.88 -2.26933e-06 0.330119 0.943939 0.00423172 -2.26866e-05 -0.943939 0.330119 0.0573204 
0.999472 -0.0228139 -0.0231149 -5390.08 0.0287259 0.28893 0.956919 -22.975 -0.0151525 -0.957078 0.289433 40.8398 
1 -1.4317e-05 6.78917e-06 -5200.22 -2.09467e-06 0.305263 0.952268 0.0100439 -1.57061e-05 -0.952268 0.305263 0.0266653 
0.99965 -0.0142679 -0.0222856 -5383.11 0.0252951 0.267944 0.963102 -20.2215 -0.00777014 -0.963329 0.268211 37.6092 
1 -9.5131e-06 4.77733e-06 -5183.47 -1.92005e-06 0.280231 0.959933 -0.0100113 -1.04707e-05 -0.959933 0.280231 -0.0231616 
0.999768 -0.00633908 -0.0205673 -5358.29 0.0215094 0.261535 0.964954 -14.5129 -0.000737849 -0.965173 0.261611 32.6007 
1 -1.7935e-05 1.41156e-05 -5166.92 -9.07608e-06 0.254973 0.966948 -0.0223586 -2.09413e-05 -0.966948 0.254973 0.036735 
0.999616 -0.01868 -0.0204879 -5334.96 0.0241042 0.220391 0.975114 -15.4051 -0.0136998 -0.975233 0.220757 39.9104 
1 -1.60638e-05 7.91282e-06 -5150.17 -4.01456e-06 0.229523 0.973303 -0.0253278 -1.74511e-05 -0.973303 0.229523 0.00702794 
0.999516 -0.0184248 -0.0250648 -5337.34 0.0281568 0.193278 0.98074 -18.3964 -0.0132255 -0.980971 0.193703 44.4446 
1 -1.86858e-05 4.42864e-06 -5133.52 -5.23937e-07 0.203983 0.978974 -0.0301509 -1.91963e-05 -0.978974 0.203983 0.034491 
0.999672 -0.0172975 -0.0188733 -5306.97 0.0216338 0.176583 0.984048 -11.9173 -0.0136888 -0.984134 0.176899 39.3417 
1 -1.85835e-05 1.48961e-05 -5116.87 -1.13454e-05 0.178235 0.983988 -0.00551888 -2.0941e-05 -0.983988 0.178235 0.0341984 
0.9999 -0.00866872 -0.0112161 -5284.09 0.012549 0.173292 0.984791 -8.17959 -0.00659321 -0.984832 0.173384 36.2581 
1 -8.78065e-07 -5.69226e-06 -5100.23 5.75959e-06 0.152418 0.988316 -0.0962061 -2.01047e-10 -0.988316 0.152418 -0.0561803 
0.999929 -0.00811251 -0.00870805 -5281.82 0.0098013 0.146272 0.989196 -4.05684 -0.00675111 -0.989211 0.146341 35.9454 
1 -1.48512e-05 7.70026e-06 -5083.48 -5.75986e-06 0.126491 0.991968 -0.0300094 -1.57059e-05 -0.991968 0.126491 0.0286325 
0.999869 -0.0106648 -0.0121585 -5232.33 0.0133642 0.121432 0.99251 -3.77369 -0.00910853 -0.992542 0.121559 34.1554 
1 -1.65738e-05 9.5674e-06 -5066.74 -7.85429e-06 0.100443 0.994943 -0.00785732 -1.7451e-05 -0.994943 0.100443 0.0032426 
0.99985 -0.0103398 -0.0139066 -5211.26 0.0148612 0.0988416 0.994992 -6.33676 -0.00891351 -0.995049 0.0989805 32.727 
1 1.42789e-07 1.91454e-06 -5050.2 -1.91986e-06 0.0743574 0.997232 -0.0305118 3.35079e-11 -0.997232 0.0743574 -0.0213413 
0.999817 -0.0147774 -0.0121873 -5193.07 0.0133318 0.0799992 0.996706 -1.36239 -0.0137537 -0.996685 0.0801815 33.0475 
1 -1.74813e-05 -2.04971e-07 -5033.47 1.04689e-06 0.0481748 0.998839 -0.0372808 -1.74511e-05 -0.998839 0.0481748 0.00364768 
0.999928 -0.0101551 -0.00642836 -5171.85 0.00699067 0.0563443 0.998387 2.0619 -0.00977651 -0.99836 0.0564113 30.156 
1 -3.40788e-05 3.77607e-05 -5016.83 -3.70016e-05 0.0220063 0.999758 0.193033 -3.49015e-05 -0.999758 0.0220063 0.12272 
0.999895 -0.0114153 -0.00894528 -5155.03 0.00925944 0.0277719 0.999571 0.846737 -0.0111619 -0.999549 0.0278747 27.4791 
1 -1.74247e-05 -6.35592e-06 -5000.2 6.28288e-06 -0.00418888 0.999991 0.000900393 -1.74512e-05 -0.999991 -0.00418888 0.0243126 
0.999926 -0.00662311 -0.0102488 -5145.11 0.0102304 -0.00280863 0.999944 2.0703 -0.00665152 -0.999974 -0.00274066 22.3648 
1 6.94876e-07 -2.28533e-05 -4983.46 2.28638e-05 -0.030392 0.999538 -0.0353381 -9.82122e-19 -0.999538 -0.030392 -0.0131239 
0.999946 -0.00870478 -0.00564596 -5132.04 0.00551633 -0.0148452 0.999875 5.71253 -0.00878751 -0.999852 -0.0147964 21.677 
1 7.30209e-07 -1.28948e-05 -4966.74 1.29154e-05 -0.0565551 0.998399 0.0163122 -2.25417e-10 -0.998399 -0.0565551 -0.0733717 
0.999999 0.000726569 -0.000822997 -5131.05 0.000867915 -0.0641546 0.99794 7.15759 0.000672273 -0.99794 -0.0641552 16.9018 
1 -1.70594e-05 -5.44336e-06 -4950.2 4.01425e-06 -0.0826798 0.996576 0.0186929 -1.7451e-05 -0.996576 -0.0826798 0.0725651 
0.999747 0.0159673 -0.0158191 -5186.83 0.0176013 -0.118471 0.992802 -12.8714 0.0139783 -0.992829 -0.118722 -2.70928 
1 1.48046e-06 -1.35328e-05 -4933.48 1.36136e-05 -0.108766 0.994067 -0.0149197 -2.37602e-10 -0.994067 -0.108766 -0.0258925 
0.999543 0.0262286 -0.0150473 -5176.26 0.0181216 -0.121221 0.99246 -13.9749 0.0242068 -0.992279 -0.121641 -16.6426 
1 7.99626e-07 -5.88e-06 -4916.75 5.93412e-06 -0.134751 0.99088 0.0212831 -9.95794e-19 -0.99088 -0.134751 -0.0613517 
0.999664 0.0222932 -0.0132053 -5150.98 0.0161546 -0.137784 0.990331 -9.88396 0.0202582 -0.990211 -0.138097 -15.968 
1 -1.48962e-05 -1.71023e-05 -4900.13 1.44859e-05 -0.160717 0.987001 -0.0380677 -1.74512e-05 -0.987001 -0.160717 -0.011804 
0.999668 0.0242809 -0.0085793 -5142.23 0.0124507 -0.164088 0.986367 -6.7395 0.0225421 -0.986147 -0.164336 -15.8842 
1 2.53832e-06 -1.33748e-05 -4883.41 1.36136e-05 -0.186473 0.98246 -0.0572258 -2.37602e-10 -0.98246 -0.186473 -0.0795049 
0.999737 0.0210568 -0.00910025 -5116.36 0.0128202 -0.183912 0.982859 -6.76268 0.0190223 -0.982717 -0.184133 -13.6993 
1 -1.29591e-06 5.96961e-06 -4866.69 -6.10865e-06 -0.212178 0.977231 0.0990912 2.13232e-10 -0.977231 -0.212178 -0.0954981 
0.99982 0.0172544 -0.00786743 -5092.09 0.0112951 -0.208599 0.977936 -4.50007 0.0152325 -0.977849 -0.208757 -11.7385 
1 3.98247e-06 -1.6275e-05 -4850.17 1.67552e-05 -0.237686 0.971342 -0.0901949 -1.00996e-18 -0.971342 -0.237686 -0.0765345 
0.99975 0.0208928 -0.00799524 -5084.63 0.0126323 -0.232292 0.972564 -7.04345 0.0184624 -0.972422 -0.232497 -14.4456 
1 5.50891e-07 -2.02065e-06 -4833.46 2.0944e-06 -0.263048 0.964783 -0.0469745 -3.65541e-11 -0.964783 -0.263048 -0.0363012 
0.999707 0.0218584 -0.0103579 -5058.76 0.0156591 -0.258478 0.96589 -6.89317 0.0184355 -0.96577 -0.258745 -12.0977 
1 -2.01234e-06 6.685e-06 -4816.84 -6.98132e-06 -0.288246 0.957556 -0.00462777 -1.01732e-18 -0.957556 -0.288246 0.00749415 
0.999841 0.0175807 -0.00303819 -5035.54 0.00785354 -0.280786 0.959738 -2.93129 0.0160198 -0.959609 -0.280879 -11.8162 
1 9.83937e-07 -2.98353e-06 -4800.13 3.14159e-06 -0.313214 0.949683 -0.0161399 -5.48311e-11 -0.949683 -0.313214 -0.00325248 
0.999682 0.0243618 -0.00649243 -5032.64 0.0136681 -0.307288 0.951518 -6.88988 0.0211856 -0.951305 -0.307523 -13.5275 
1 -1.93144e-05 2.15076e-06 -4783.42 -8.55212e-06 -0.337983 0.941152 0.00448798 -1.74508e-05 -0.941152 -0.337983 0.0469091 
0.999782 0.0198597 -0.00650512 -5009.36 0.0127411 -0.332527 0.943008 -6.62337 0.0165648 -0.942885 -0.332707 -13.3674 
1 -8.73187e-06 2.2447e-05 -4766.82 -2.40855e-05 -0.362568 0.931957 0.117582 8.40744e-10 -0.931957 -0.362568 -0.0739837 
0.99974 0.0209059 -0.00909811 -4991.21 0.0159693 -0.35725 0.933872 -8.85885 0.0162731 -0.933775 -0.357491 -14.3499 
1 -6.98808e-05 3.12528e-05 -4750.11 -5.58515e-05 -0.386824 0.922153 0.287473 -5.23515e-05 -0.922153 -0.386824 0.21361 
0.999654 0.0242245 -0.0102813 -4958.77 0.0186313 -0.375575 0.926605 -11.1164 0.0185852 -0.926475 -0.375896 -15.9004 
1 -1.94953e-05 7.86868e-07 -4733.41 -8.72695e-06 -0.410846 0.911705 0.0273804 -1.74506e-05 -0.911705 -0.410846 0.0190874 
0.999554 0.0280862 -0.0101945 -4949.06 0.0204241 -0.393221 0.919217 -12.8808 0.0218086 -0.919015 -0.393619 -15.2295 
1 1.12757e-17 1.38778e-17 -4716.81 0 -0.434602 0.900622 -0.0478275 -1.03901e-18 -0.900622 -0.434602 -0.00135632 
0.999646 0.0263126 -0.00385338 -4922.76 0.014501 -0.417878 0.908387 -7.12064 0.0222918 -0.908122 -0.418112 -17.5824 
1 -2.0469e-05 1.62662e-06 -4700.11 -1.08213e-05 -0.458029 0.888937 0.0241245 -1.74506e-05 -0.888937 -0.458029 0.0322434 
0.999496 0.0306585 -0.00818042 -4920.41 0.0209923 -0.445559 0.895006 -10.8472 0.0237947 -0.894727 -0.445978 -16.7044 
1 3.359e-06 -6.12012e-06 -4683.51 6.98132e-06 -0.481142 0.876643 -0.0720373 -1.04628e-18 -0.876643 -0.481142 -0.0267045 
0.999467 0.0317272 -0.00772829 -4899.91 0.0218167 -0.472677 0.880966 -11.496 0.0242976 -0.880665 -0.473117 -19.1245 
1 -5.71482e-05 2.86913e-05 -4666.72 -5.35822e-05 -0.50397 0.863721 0.227765 -3.49005e-05 -0.863721 -0.50397 0.101872 
0.999436 0.0329925 -0.0062702 -4880.32 0.0217167 -0.492511 0.870035 -11.5192 0.0256165 -0.869681 -0.492949 -21.6958 
1 -5.48482e-05 2.22875e-05 -4650.03 -4.7822e-05 -0.526407 0.850232 0.231581 -3.49014e-05 -0.850232 -0.526407 0.142243 
0.999422 0.0330675 -0.00782852 -4851.51 0.0238838 -0.519671 0.854032 -13.3224 0.0241725 -0.853726 -0.520161 -21.2829 
1 4.78667e-06 -7.29672e-06 -4633.43 8.72665e-06 -0.548512 0.836143 -0.0997028 2.66977e-17 -0.836143 -0.548512 0.0136427 
0.999463 0.0325031 -0.00409031 -4840.05 0.0207283 -0.530767 0.847264 -10.9379 0.0253677 -0.846894 -0.531156 -20.7006 
1 2.87666e-05 -1.08383e-05 -4616.75 2.5307e-05 -0.570226 0.821488 -0.123061 1.74511e-05 -0.821488 -0.570226 -0.0852797 
-6
1 2.58397e-05 -5.71968e-06 -4600.07 1.98968e-05 -0.591535 0.80628 -0.13893 1.74507e-05 -0.80628 -0.591535 -0.119768 
-6
1 -5.7948e-05 1.7806e-05 -4583.38 -4.9568e-05 -0.612494 0.790475 0.174177 -3.49004e-05 -0.790475 -0.612494 0.16887 
0.999629 0.0143847 -0.0231224 -4719.48 0.026996 -0.63494 0.77209 -27.1191 -0.00357502 -0.772428 -0.635093 15.2724 
1 -3.78143e-05 1.86802e-05 -4566.8 -3.83972e-05 -0.632976 0.774172 0.133065 -1.74506e-05 -0.774172 -0.632976 0.109823 
-6
1 -8.67362e-18 1.56125e-17 -4550.13 0 -0.653024 0.757337 -0.0199933 -1.07682e-18 -0.757337 -0.653024 -0.0946727 
0.999546 0.0203157 -0.0222299 -4719.47 0.0301146 -0.676773 0.735576 -26.9305 -0.000100863 -0.735912 -0.677078 16.9536 
1 -4.57834e-05 -1.52046e-06 -4533.35 -2.96712e-05 -0.672651 0.739959 0.158542 -3.49006e-05 -0.739959 -0.672651 0.0984131 
0.999443 0.0250178 -0.0221008 -4722.18 0.0332864 -0.696911 0.716384 -29.7967 0.00252004 -0.716721 -0.697356 18.3904 
1 -3.3127e-05 9.35238e-06 -4516.77 -2.96706e-05 -0.691803 0.722086 0.119514 -1.74506e-05 -0.722086 -0.691803 0.138251 
0.999505 0.0296088 -0.0106801 -4699.5 0.0285882 -0.711972 0.701626 -24.3841 0.0131704 -0.701584 -0.712465 3.05889 
1 -4.56409e-05 -3.91603e-06 -4500.01 -2.96712e-05 -0.710481 0.703717 0.0998232 -3.49005e-05 -0.703717 -0.710481 0.0862181 
0.999651 0.0262168 -0.00334208 -4673.66 0.0213653 -0.7272 0.686093 -21.2433 0.0155568 -0.685924 -0.727507 -1.45856 
1 -3.48431e-05 8.8e-06 -4483.44 -3.14165e-05 -0.728694 0.684839 0.12026 -1.74494e-05 -0.684839 -0.728694 0.0733824 
0.999724 0.0229852 -0.00492336 -4656.55 0.0203323 -0.74044 0.671815 -19.9008 0.0117963 -0.671729 -0.740703 2.4269 
1 -3.24565e-05 5.55999e-06 -4466.67 -2.7925e-05 -0.746371 0.66553 0.0838124 -1.7451e-05 -0.66553 -0.746371 0.0747956 
0.999786 0.017093 -0.011661 -4641.91 0.02057 -0.75999 0.649609 -21.749 0.00224146 -0.64971 -0.760179 16.8595 
1 1.33262e-06 -1.12707e-06 -4450.11 1.74533e-06 -0.763548 0.645751 -0.0158815 -3.04617e-11 -0.645751 -0.763548 -0.00470567 
0.999839 0.0164834 -0.00710914 -4624.54 0.0171605 -0.761413 0.64804 -18.7952 0.00526894 -0.648058 -0.761573 11.885 
1 -2.72563e-05 -5.1335e-07 -4433.35 -2.0944e-05 -0.78019 0.625542 0.0688386 -1.74504e-05 -0.625542 -0.78019 0.00751882 
0.999746 0.00910859 -0.0206003 -4583.13 0.0200001 -0.77966 0.625883 -22.0212 -0.0103603 -0.626137 -0.779645 34.6499 
1 -2.30638e-05 -4.39512e-06 -4416.79 -1.57083e-05 -0.79634 0.604849 0.0692188 -1.74502e-05 -0.604849 -0.79634 0.0661991 
0.999824 0.00476414 -0.0181538 -4573.88 0.0148148 -0.794172 0.607513 -17.8391 -0.011523 -0.607675 -0.794102 36.0292 
1 -3.14429e-05 1.11685e-06 -4400.04 -2.61799e-05 -0.81188 0.583824 0.101399 -1.74504e-05 -0.583824 -0.81188 0.1078 
0.999932 0.00528636 -0.0104198 -4552.54 0.0103657 -0.812878 0.582342 -18.2553 -0.00539154 -0.58241 -0.812877 27.0194 
1 -3.00182e-05 -6.88639e-07 -4383.39 -2.44349e-05 -0.826904 0.562343 0.0825094 -1.745e-05 -0.562343 -0.826904 0.0607957 
0.999891 0.00932109 -0.0114788 -4534.25 0.0141493 -0.828599 0.559664 -19.6426 -0.00429464 -0.559766 -0.82864 24.0142 
1 -2.70528e-05 -3.36282e-06 -4366.73 -2.09443e-05 -0.841379 0.540446 0.066118 -1.745e-05 -0.540446 -0.841379 0.0928241 
0.999953 0.00182164 -0.00951338 -4511.36 0.0066407 -0.843933 0.536407 -13.9227 -0.00705152 -0.536445 -0.843906 28.0626 
1 -1.19411e-05 7.23636e-06 -4350.09 -1.39626e-05 -0.85522 0.518266 0.0368244 -1.12638e-18 -0.518266 -0.85522 -0.00561811 
0.999973 0.00211658 -0.00700583 -4503.68 0.00541824 -0.857611 0.51427 -12.1334 -0.00491979 -0.514294 -0.8576 27.6993 
1 -1.16815e-05 -1.34254e-05 -4333.35 -3.49066e-06 -0.868502 0.495686 0.0194316 -1.74503e-05 -0.495686 -0.868502 0.00717591 
-6
1 -9.22795e-06 4.95047e-06 -4316.71 -1.0472e-05 -0.881204 0.472735 0.0277894 -1.13513e-18 -0.472735 -0.881204 0.0232664 
0.999632 0.0254219 -0.00943977 -4474.66 0.0268751 -0.882242 0.470029 -19.2533 0.00362086 -0.47011 -0.8826 7.53007 
1 -2.18754e-05 -8.52749e-06 -4299.97 -1.57083e-05 -0.893293 0.449475 0.0428161 -1.745e-05 -0.449475 -0.893293 -0.00783701 
0.999744 0.0224067 -0.00323473 -4458.76 0.0215292 -0.896796 0.44192 -19.5818 0.00700108 -0.441877 -0.897048 1.99976 
1 -2.0528e-05 9.66457e-06 -4283.43 -2.26893e-05 -0.904753 0.425937 0.0588417 3.96003e-10 -0.425937 -0.904753 0.0402368 
0.99961 0.0273415 0.00568317 -4452.33 0.0224981 -0.909031 0.416121 -19.4504 0.0165435 -0.415831 -0.909292 -7.02478 
1 -1.50069e-05 -1.24682e-05 -4266.7 -8.72665e-06 -0.915593 0.402107 0.0211906 -1.74502e-05 -0.402107 -0.915593 0.0287278 
0.999706 0.0241467 0.00225057 -4437.15 0.0213774 -0.921253 0.388377 -16.8689 0.0114514 -0.388214 -0.921498 -1.64563 
1 -3.23174e-06 1.31931e-06 -4250.07 -3.49066e-06 -0.925824 0.377954 0.00666101 -1.15265e-18 -0.377954 -0.925824 0.0153665 
0.99953 0.0290433 0.00982537 -4426.09 0.0234566 -0.930727 0.364961 -19.5999 0.0197444 -0.364559 -0.930971 -10.8446 
1 -4.89772e-06 1.85147e-06 -4233.34 -5.23599e-06 -0.935388 0.353622 0.018602 -9.13852e-11 -0.353622 -0.935388 0.0170406 
0.999399 0.0294702 0.0182719 -4419.28 0.0210414 -0.934262 0.355966 -17.6836 0.0275611 -0.355367 -0.93432 -19.4821 
1 -1.64819e-05 5.74153e-06 -4216.72 -1.74533e-05 -0.944342 0.328966 0.0384126 -2.89177e-17 -0.328966 -0.944342 0.0184088 
0.999411 0.0304894 0.0157356 -4405.93 0.0234512 -0.941793 0.335375 -18.2521 0.0250451 -0.334809 -0.941953 -17.9489 
1 -1.69457e-05 -1.29078e-05 -4200 -1.22173e-05 -0.95263 0.304133 0.0183186 -1.74501e-05 -0.304133 -0.95263 0.0325215 
0.999439 0.0312485 0.0120718 -4381.93 0.0258989 -0.949333 0.313202 -17.6127 0.0212472 -0.312713 -0.94961 -18.6486 
1 -1.02151e-05 2.114e-05 -4183.39 -1.57077e-05 -0.960289 0.279008 0.0308942 1.74504e-05 -0.279008 -0.960289 -0.0309896 
0.999641 0.0251381 0.00926621 -4359.24 0.0212917 -0.955337 0.29475 -12.4309 0.0162618 -0.294447 -0.955529 -13.9873 
1 -5.06453e-06 1.32894e-06 -4166.67 -5.23599e-06 -0.967259 0.253792 0.0305243 9.13852e-11 -0.253792 -0.967259 0.00488477 
0.99973 0.0221323 0.00711862 -4337.37 0.0194209 -0.96333 0.267616 -10.175 0.0127805 -0.267406 -0.963499 -8.82976 
1 -1.52929e-05 3.58719e-06 -4149.96 -1.5708e-05 -0.973575 0.228368 0.00542888 -1.18105e-18 -0.228368 -0.973575 0.0135432 
0.999741 0.0216771 0.00697534 -4314.93 0.0192885 -0.968929 0.246587 -9.80688 0.0121039 -0.246388 -0.969096 -8.52442 
1 3.53865e-06 1.70875e-05 -4133.36 -2.94731e-12 -0.979223 0.202788 0.0209572 1.745e-05 -0.202788 -0.979223 -0.0675683 
0.999789 0.0175534 0.010664 -4291.77 0.0147354 -0.974722 0.222935 -7.85643 0.0143077 -0.222731 -0.974775 -10.9247 
1 -6.52475e-06 -1.65564e-05 -4116.65 -3.49066e-06 -0.984205 0.177033 -0.00330911 -1.745e-05 -0.177033 -0.984205 0.0463502 
0.999777 0.0162035 0.0135659 -4275.65 0.0132369 -0.980575 0.195697 -7.66668 0.0164733 -0.195474 -0.980571 -15.3113 
1 -5.17576e-06 7.91909e-07 -4100.05 -5.23599e-06 -0.988497 0.151244 0.0259711 -2.89502e-17 -0.151244 -0.988497 -0.0287954 
0.999685 0.0199991 0.0151385 -4266.56 0.0172529 -0.986354 0.163734 -10.4867 0.0182064 -0.163422 -0.986388 -16.2794 
1 -6.92631e-06 8.74628e-07 -4083.26 -6.98132e-06 -0.992121 0.125281 -0.01265 -1.20006e-18 -0.125281 -0.992121 -0.0100759 
0.999806 0.019105 0.00478729 -4239.33 0.0182586 -0.990204 0.138429 -10.1329 0.00738507 -0.138315 -0.990361 -5.557 
1 -5.20563e-06 -1.70172e-05 -4066.66 -3.49066e-06 -0.995061 0.0992673 0.0103118 -1.74499e-05 -0.0992673 -0.995061 0.0165613 
0.999873 0.0108376 0.0117058 -4210.63 0.0094495 -0.99358 0.112739 -8.311 0.0128525 -0.112614 -0.993556 -8.22579 
1 -1.26494e-05 1.84241e-05 -4049.87 -1.39626e-05 -0.997323 0.0731167 -0.00161051 1.74499e-05 -0.0731167 -0.997323 -0.105943 
0.99998 -0.00275094 0.00563856 -4189.04 -0.00319826 -0.996715 0.0809243 -4.43191 0.00539742 -0.0809408 -0.996704 -4.91351 
1 0 9.75782e-19 -4033.28 0 -0.998896 0.046967 -0.00172331 2.69608e-17 -0.046967 -0.998896 0.00522454 
0.999977 -0.00454639 0.00510094 -4171.89 -0.00481299 -0.998555 0.0535314 -2.15467 0.0048502 -0.0535547 -0.998553 -0.391362 
1 -2.10826e-06 -1.74097e-05 -4016.7 -1.74503e-06 -0.999783 0.0208374 -0.00913144 -1.74499e-05 -0.0208374 -0.999783 0.0130763 
0.999939 -0.00109746 0.0109611 -4152.46 -0.00146363 -0.999439 0.0334548 -2.11688 0.0109183 -0.0334688 -0.99938 -1.29598 
1 -6.98122e-06 -3.75287e-08 -3999.92 -6.98132e-06 -0.999986 -0.00537559 -0.026936 -1.22526e-18 0.00537559 -0.999986 -0.0605945 
0.999878 -0.00116582 0.0155634 -4131.06 -0.00134207 -0.999935 0.011319 -2.54884 0.0155492 -0.0113385 -0.999815 -6.52558 
1 -1.04668e-05 -3.30759e-07 -3983.25 -1.0472e-05 -0.999501 -0.0316026 0.0317317 1.8277e-10 0.0316026 -0.999501 0.000678302 
0.999816 -0.00118695 0.0191227 -4110.19 -0.000703446 -0.99968 -0.0252711 -5.80538 0.0191466 0.025253 -0.999498 -10.3501 
1 -6.96966e-06 -4.03211e-07 -3966.67 -6.98132e-06 -0.998332 -0.0577383 0.0183894 -1.21847e-10 0.0577383 -0.998332 -0.0287937 
0.999872 0.000477005 0.0160173 -4093.23 0.00129126 -0.998705 -0.0508646 -6.30831 0.0159723 0.0508787 -0.998577 -5.79573 
1 -1.04351e-05 -8.78276e-07 -3949.91 -1.0472e-05 -0.996477 -0.0838692 0.0119 -1.24054e-18 0.0838692 -0.996477 -0.0466222 
0.999918 -0.00418157 0.0121116 -4066.42 -0.00309382 -0.996074 -0.0884756 -5.52509 0.012434 0.0884308 -0.996005 -5.29107 
1 -8.67371e-06 -9.59732e-07 -3933.25 -8.72665e-06 -0.993934 -0.109977 0.00617967 -1.24577e-18 0.109977 -0.993934 -0.0270773 
0.999897 -0.00392562 0.0138089 -4051.29 -0.00237002 -0.993827 -0.110914 -5.10751 0.0141591 0.11087 -0.993734 -5.29765 
1 -2.81527e-06 -1.79994e-05 -3916.68 -5.23599e-06 -0.990717 -0.135941 0.00815447 -1.74496e-05 0.135941 -0.990717 -0.0137345 
0.999891 -0.00109235 0.0147571 -4032.95 0.000949998 -0.990476 -0.137685 -7.65869 0.0147669 0.137684 -0.990366 -4.26203 
1 -4.06418e-06 -1.83497e-05 -3899.93 -6.98132e-06 -0.986808 -0.161897 0.0101675 -1.74496e-05 0.161897 -0.986808 -0.0584208 
0.999858 -0.00243953 0.0166869 -4018.33 0.000301835 -0.986735 -0.16234 -6.53972 0.0168616 0.162322 -0.986594 -6.02507 
1 -3.4286e-06 -6.55281e-07 -3883.28 -3.49066e-06 -0.982225 -0.187707 -0.0174081 -6.09235e-11 0.187707 -0.982225 -0.0658949 
0.999806 -0.00400144 0.019277 -4004.41 -0.000422777 -0.983266 -0.182175 -7.44901 0.0196834 0.182132 -0.983077 -7.39328 
1 -8.21271e-06 -1.96545e-05 -3866.62 -1.22173e-05 -0.976971 -0.213372 0.035351 -1.74496e-05 0.213372 -0.976971 -0.017608 
0.999845 -0.00173559 0.017538 -3985.83 0.00218674 -0.975231 -0.221177 -10.4639 0.0174875 0.221181 -0.975076 -4.94568 
1 4.16821e-06 -1.69444e-05 -3849.88 -3.16511e-12 -0.971051 -0.238873 -0.0112088 -1.74495e-05 0.238873 -0.971051 -0.0317413 
0.999858 -0.00216733 0.0167181 -3973.52 0.00199585 -0.969508 -0.245053 -9.86408 0.0167394 0.245051 -0.969366 -3.57734 
1 -5.04993e-06 -1.3834e-06 -3833.24 -5.23599e-06 -0.964465 -0.26421 0.000319317 -1.27812e-18 0.26421 -0.964465 -0.048057 
0.999852 -0.00437366 0.0166264 -3953.4 0.000175132 -0.964458 -0.264237 -10.0552 0.0171912 0.264201 -0.964314 -4.27932 
1 3.37862e-06 -1.7208e-05 -3816.6 -1.74533e-06 -0.957218 -0.289366 0.00126415 -1.74495e-05 0.289366 -0.957218 0.0185788 
0.999997 -0.000964331 0.0020201 -3930.05 -0.000296517 -0.95156 -0.307462 -12.5558 0.00221874 0.30746 -0.951558 5.06105 
1 -4.97061e-06 -1.6458e-06 -3799.96 -5.23599e-06 -0.949316 -0.314324 -0.0180754 -1.28944e-18 0.314324 -0.949316 -0.00718473 
0.999955 -0.00792358 0.00516822 -3921 -0.00577721 -0.944091 -0.329635 -9.8339 0.00749116 0.32959 -0.944094 1.70415 
1 2.63569e-06 -1.75988e-05 -3783.24 -3.49066e-06 -0.940703 -0.339231 -0.00575509 -1.74494e-05 0.339231 -0.940703 0.0328037 
0.999899 -0.0107813 0.0092167 -3895.62 -0.00691476 -0.937872 -0.346913 -8.44756 0.0123842 0.346814 -0.937852 -1.36495 
1 -8.12943e-06 -3.1728e-06 -3766.52 -8.72665e-06 -0.931564 -0.363576 -0.0170296 2.64545e-17 0.363576 -0.931564 -0.0343825 
0.999938 -0.00766336 0.0080913 -3869.01 -0.00415196 -0.929951 -0.36766 -9.56512 0.010342 0.367604 -0.929925 2.01953 
1 -6.43487e-06 -2.70762e-06 -3749.9 -6.98132e-06 -0.921735 -0.387821 -0.00416062 -1.21847e-10 0.387821 -0.921735 -0.0340784 
0.999973 -0.00494086 -0.00547438 -3838.11 -0.0066724 -0.922317 -0.386378 -6.90357 -0.00314008 0.386404 -0.922324 9.32147 
1 -6.93889e-18 -8.67362e-18 -3733.28 0 -0.91118 -0.412007 -0.024011 2.44479e-17 0.412007 -0.91118 -0.00985776 
0.999885 -0.00161402 -0.0150535 -3812.83 -0.00769108 -0.910596 -0.413225 -6.6992 -0.0130407 0.413294 -0.910504 19.5307 
1 -1.57095e-06 -7.60444e-07 -3716.57 -1.74533e-06 -0.900098 -0.435687 -0.0325332 -3.04618e-11 0.435687 -0.900098 -0.0540289 
0.999892 -1.71046e-05 -0.0147136 -3796.32 -0.00629217 -0.904444 -0.426546 -5.92533 -0.0133003 0.426592 -0.904346 23.5292 
1 6.20204e-06 3.20523e-06 -3699.87 6.98132e-06 -0.888369 -0.45913 -0.0178496 -1.21847e-10 0.45913 -0.888369 -0.0503727 
0.999941 -0.00301595 -0.010447 -3781.98 -0.00744338 -0.890232 -0.455446 -4.98511 -0.00792665 0.455497 -0.890202 19.7627 
1 -1.529e-06 -8.41619e-07 -3683.27 -1.74533e-06 -0.876054 -0.482212 -0.0122494 -1.33012e-18 0.482212 -0.876054 -0.0118037 
0.999965 -0.00528435 -0.00647649 -3769.42 -0.00773617 -0.878514 -0.477653 -5.33555 -0.0031656 0.477687 -0.878525 17.9383 
1 -6.02579e-06 -3.52542e-06 -3666.57 -6.98132e-06 -0.86314 -0.504965 0.00501894 -1.21847e-10 0.504965 -0.86314 -0.0226821 
0.999954 -0.00585054 -0.00766497 -3759.35 -0.0089027 -0.865527 -0.500783 -4.01117 -0.00370439 0.500828 -0.865539 19.0103 
1 -7.4143e-06 -4.60244e-06 -3649.88 -8.72665e-06 -0.849617 -0.527401 -0.0265831 -2.90982e-17 0.527401 -0.849617 -0.0197942 
0.999957 -0.00459157 -0.00803125 -3737.91 -0.0081025 -0.853648 -0.520787 -3.47885 -0.00446463 0.520829 -0.853649 20.4327 
1 -4.37477e-06 -2.87697e-06 -3633.29 -5.23599e-06 -0.83552 -0.54946 -0.0205482 -1.34859e-18 0.54946 -0.83552 -0.0111452 
0.999942 -0.00529775 -0.00940656 -3720.85 -0.00956904 -0.838341 -0.545063 -2.44257 -0.0049983 0.545121 -0.838343 21.3522 
1 -2.77556e-17 1.21431e-17 -3616.61 0 -0.82086 -0.571129 -0.019174 -1.68543e-17 0.571129 -0.82086 -0.0130151 
0.999964 -0.00675118 -0.00518122 -3705.47 -0.00849966 -0.822584 -0.56858 -3.12056 -0.000423411 0.568603 -0.822612 16.3682 
1 -1.73472e-17 -8.67362e-18 -3599.83 0 -0.805515 -0.592576 -0.024887 -1.36087e-18 0.592576 -0.805515 -0.0052584 
0.99989 -0.0147066 -0.00173742 -3704.23 -0.012849 -0.803239 -0.595519 -1.74314 0.00736248 0.595476 -0.803339 8.65054 
1 -4.135e-06 -3.21206e-06 -3583.16 -5.23599e-06 -0.789727 -0.613459 0.0117674 -2.91226e-17 0.613459 -0.789727 -0.0364092 
0.999901 -0.0139327 -0.00206991 -3683.14 -0.0122371 -0.786468 -0.61751 -1.47859 0.00697569 0.617474 -0.78656 8.65057 
1 1.34983e-06 1.1064e-06 -3566.49 1.74533e-06 -0.773387 -0.633934 -0.0305837 -3.04617e-11 0.633934 -0.773387 -0.0181483 
0.999898 -0.0142586 0.00088436 -3661.73 -0.0104989 -0.775406 -0.631375 -2.46253 0.00968829 0.631302 -0.775477 4.8576 
1 -2.64082e-06 -2.28271e-06 -3549.84 -3.49066e-06 -0.756539 -0.653949 0.000188377 2.63756e-17 0.653949 -0.756539 -0.057866 
0.999896 -0.0142184 -0.00231093 -3644.84 -0.0123235 -0.761262 -0.648327 -0.569623 0.00745896 0.648288 -0.761359 8.90782 
1 -3.87024e-06 -3.52659e-06 -3533.18 -5.23599e-06 -0.739149 -0.673542 -0.0227626 9.13852e-11 0.673542 -0.739149 -0.00124071 
0.999899 -0.0139258 -0.0026669 -3625.13 -0.0121376 -0.743442 -0.66869 -2.09594 0.00732937 0.668655 -0.743537 6.65964 
1 -8.81206e-06 -8.46228e-06 -3516.53 -1.22173e-05 -0.721289 -0.692634 0.0329786 -2.13232e-10 0.692634 -0.721289 0.000155873 
0.999906 -0.0136462 0.00088678 -3613.03 -0.00929379 -0.725697 -0.687952 -4.09431 0.0100314 0.68788 -0.725756 3.57071 
1 -1.11843e-05 1.35061e-05 -3499.88 1.74533e-06 -0.702899 -0.71129 -0.00979515 1.74487e-05 0.71129 -0.702899 -0.0236466 
0.999827 -0.0185659 0.00101243 -3599.99 -0.0122243 -0.69739 -0.716588 -3.26915 0.0140102 0.716452 -0.697496 0.314075 
1 -1.86972e-05 5.56995e-06 -3483.24 -8.72695e-06 -0.684051 -0.729434 0.0081252 1.74485e-05 0.729434 -0.684051 -0.038962 
0.99972 -0.0234525 -0.00305124 -3582.54 -0.0181849 -0.679786 -0.733185 -2.41883 0.0151209 0.733036 -0.680022 -1.24526 
1 -3.47973e-06 -3.91243e-06 -3466.51 -5.23599e-06 -0.664565 -0.74723 0.00318202 9.13852e-11 0.74723 -0.664565 0.0116704 
0.999711 -0.0239878 -0.00137323 -3561.15 -0.0168586 -0.659578 -0.751447 -3.71289 0.0171198 0.751254 -0.659792 -3.13727 
1 3.37612e-06 4.00217e-06 -3449.88 5.23599e-06 -0.644791 -0.764359 -0.0043364 -1.41948e-18 0.764359 -0.644791 -0.0285565 
0.999663 -0.0259638 -0.000634654 -3542.82 -0.0172233 -0.644447 -0.764455 -4.23581 0.0194392 0.764208 -0.644677 -4.83037 
1 1.09007e-06 1.36306e-06 -3433.16 1.74533e-06 -0.624561 -0.780976 -0.0278634 -1.42685e-18 0.780976 -0.624561 -0.0038392 
0.999695 -0.0245757 -0.0024026 -3527.55 -0.0171253 -0.619936 -0.784466 -2.65466 0.0177893 0.784268 -0.620168 -1.70932 
1 1.05401e-06 1.39113e-06 -3416.55 1.74533e-06 -0.603904 -0.797057 -0.0061212 -1.43357e-18 0.797057 -0.603904 -0.0110493 
0.99973 -0.0229097 -0.00398118 -3508.76 -0.0170228 -0.604428 -0.796478 -1.49303 0.0158407 0.79633 -0.604655 0.932254 
1 -5.08617e-06 -7.09121e-06 -3399.84 -8.72665e-06 -0.582832 -0.812592 0.0174215 -1.44083e-18 0.812592 -0.582832 -0.0161584 
0.999749 -0.022235 -0.00283552 -3491.52 -0.015293 -0.584129 -0.811517 -3.20184 0.0163878 0.811356 -0.584322 -0.475188 
1 -2.03184e-05 1.12857e-06 -3383.14 -1.0472e-05 -0.561362 -0.827571 0.00485899 1.74484e-05 0.827571 -0.561362 -0.0746722 
0.999732 -0.0230672 -0.00192461 -3476.23 -0.0145531 -0.561715 -0.827203 -4.3663 0.0180002 0.827009 -0.561901 -1.11282 
1 9.41615e-07 1.46954e-06 -3366.53 1.74533e-06 -0.539506 -0.841982 -0.0137335 -1.45482e-18 0.841982 -0.539506 -0.0130189 
0.999777 -0.0209324 -0.00291299 -3456.46 -0.0137985 -0.542128 -0.840183 -3.31533 0.0160078 0.840035 -0.542296 0.0926924 
1 -2.70847e-06 -4.48104e-06 -3349.85 -5.23599e-06 -0.51728 -0.855816 -0.014608 5.40486e-17 0.855816 -0.51728 -0.0521843 
0.999844 -0.0171435 -0.00414072 -3437.93 -0.0124706 -0.521198 -0.853344 -3.53938 0.0124712 0.853263 -0.521331 0.769303 
1 -1.4302e-05 1.0146e-05 -3333.16 1.74533e-06 -0.494549 -0.86915 0.0101384 1.74483e-05 0.86915 -0.494549 -0.0510387 
0.999824 -0.0185239 -0.00303341 -3419.12 -0.011911 -0.501205 -0.865246 -3.05952 0.0145074 0.86513 -0.501338 -0.958262 
1 -1.64629e-06 -3.07806e-06 -3316.48 -3.49066e-06 -0.471628 -0.881798 -0.00470321 -5.69881e-17 0.881798 -0.471628 -0.0577121 
0.999846 -0.0172549 -0.00314174 -3397.16 -0.010983 -0.476335 -0.879195 -3.18559 0.0136739 0.879095 -0.476451 -1.34154 
1 -3.13031e-06 -6.24019e-06 -3299.9 -6.98132e-06 -0.448383 -0.893841 -0.00203068 -5.69956e-17 0.893841 -0.448383 0.0574758 
0.999845 -0.0155809 -0.00819828 -3382.72 -0.0144045 -0.456177 -0.889773 -2.35436 0.0101236 0.889753 -0.456331 2.85263 
1 2.22441e-06 4.74e-06 -3283.15 5.23599e-06 -0.424816 -0.90528 -0.0211221 -9.13852e-11 0.90528 -0.424816 -0.0121037 
0.999843 -0.015702 -0.00822489 -3366.31 -0.0142057 -0.432283 -0.901626 -2.42481 0.0106018 0.901601 -0.432439 2.36249 
1 -1.17847e-05 1.65897e-05 -3266.49 1.04717e-05 -0.401005 -0.916076 -0.0297127 1.74482e-05 0.916076 -0.401005 -0.0349174 
0.999848 -0.0152496 -0.00844091 -3352.02 -0.0139185 -0.407051 -0.913299 -3.0641 0.0104915 0.913278 -0.407201 2.24175 
1 1.87925e-05 -1.09087e-07 -3249.83 6.98131e-06 -0.376871 -0.926266 -0.0356338 -1.7448e-05 0.926266 -0.376871 0.0162734 
0.999832 -0.0148311 -0.0107454 -3334.41 -0.0156461 -0.38673 -0.92206 -2.3374 0.00951964 0.922074 -0.386897 2.56096 
1 6.1522e-07 1.6333e-06 -3233.1 1.74533e-06 -0.352495 -0.935814 0.00869078 -1.51459e-18 0.935814 -0.352495 -0.0176391 
0.999926 -0.00955314 -0.00756701 -3312.23 -0.0103953 -0.344511 -0.938725 -6.99896 0.00636085 0.938734 -0.344585 6.3366 
1 1.71676e-06 4.94654e-06 -3216.55 5.23599e-06 -0.327878 -0.94472 -0.0016411 -1.52217e-18 0.94472 -0.327878 0.0194531 
0.999914 -0.00986077 -0.00861851 -3296.27 -0.0113552 -0.324914 -0.945676 -6.25212 0.00652482 0.945692 -0.324998 6.78966 
1 3.17338e-06 9.97958e-06 -3199.83 1.0472e-05 -0.303019 -0.952985 0.00559872 -1.8277e-10 0.952985 -0.303019 -0.00557525 
0.999889 -0.0104302 -0.010627 -3278.06 -0.0132266 -0.294323 -0.955614 -5.51603 0.00683951 0.955649 -0.294429 5.9962 
1 9.70352e-07 3.35308e-06 -3183.11 3.49066e-06 -0.277985 -0.960585 0.0182689 -1.53807e-18 0.960585 -0.277985 -0.00835565 
0.999926 -0.00953266 -0.00761337 -3265.5 -0.0099094 -0.270625 -0.962634 -6.15749 0.00711609 0.962638 -0.2707 8.40925 
1 1.76449e-06 6.75465e-06 -3166.39 6.98132e-06 -0.252745 -0.967533 0.012834 -1.54608e-18 0.967533 -0.252745 -0.01666 
0.999953 -0.0063553 -0.00726086 -3247.65 -0.00857484 -0.240173 -0.970692 -8.90842 0.00442518 0.970709 -0.240216 13.6636 
1 -7.92942e-07 -3.3994e-06 -3149.79 -3.49066e-06 -0.227144 -0.973861 0.0257423 6.09235e-11 0.973861 -0.227144 0.00526131 
0.999988 -0.00306982 -0.00372449 -3230.16 -0.00430931 -0.220311 -0.97542 -11.2485 0.00217382 0.975425 -0.220322 17.0148 
1 1.05553e-06 5.12849e-06 -3133.08 5.23599e-06 -0.201574 -0.979473 0.0125773 -9.13852e-11 0.979473 -0.201574 0.0276858 
0.999942 -0.000247403 -0.0108136 -3204.1 -0.0106584 -0.192792 -0.981182 -6.37548 -0.00184202 0.98124 -0.192783 20.592 
1 6.13945e-07 3.43624e-06 -3116.4 3.49066e-06 -0.175865 -0.984414 0.00898635 -6.09235e-11 0.984414 -0.175865 -0.0459139 
0.999931 0.001051 -0.011726 -3188.66 -0.0113754 -0.170411 -0.985307 -6.78365 -0.00303379 0.985373 -0.170387 22.7789 
1 7.85676e-07 5.17671e-06 -3099.82 5.23599e-06 -0.150036 -0.988681 0.0128557 -9.13852e-11 0.988681 -0.150036 -0.0184838 
0.999946 0.00133778 -0.0102828 -3167.27 -0.0099777 -0.145868 -0.989254 -8.0346 -0.00282333 0.989303 -0.145846 22.9027 
1 2.16632e-07 1.73183e-06 -3083.13 1.74533e-06 -0.124138 -0.992265 0.0030166 3.04617e-11 0.992265 -0.124138 0.0140901 
0.999935 0.00199042 -0.0112556 -3148.46 -0.0109176 -0.125283 -0.992061 -7.2711 -0.00338476 0.992119 -0.125253 23.3044 
1 9.54098e-18 -3.46945e-18 -3066.47 -3.46945e-18 -0.0981214 -0.995174 -0.00336288 1.40292e-17 0.995174 -0.0981214 0.0101886 
0.999957 -0.00114322 -0.00917696 -3135.24 -0.00924581 -0.102524 -0.994688 -6.25615 0.000196292 0.99473 -0.10253 20.6402 
1 -1.58936e-05 2.21461e-05 -3049.72 2.09439e-05 -0.0720202 -0.997403 -0.0398896 1.74473e-05 0.997403 -0.0720201 -0.0709283 
0.99997 -0.00385276 -0.00674541 -3119.75 -0.00702913 -0.0791154 -0.996841 -5.6764 0.00330692 0.996858 -0.0791401 18.8606 
1 -4.11997e-17 0 -3033.16 3.46945e-18 -0.0456943 -0.998955 -0.00752796 2.75897e-17 0.998955 -0.0456943 0.0275912 
0.999983 -0.00360483 -0.00460589 -3103.8 -0.00479944 -0.0556652 -0.998438 -7.3829 0.00334281 0.998443 -0.0556816 20.6226 
1 3.4115e-08 1.745e-06 -3016.43 1.74533e-06 -0.0195464 -0.999809 0.00705847 -1.62335e-18 0.999809 -0.0195464 -0.00783205 
0.99999 0.000601031 -0.00438438 -3081.18 -0.00436953 -0.0228049 -0.99973 -7.75872 -0.000700855 0.99974 -0.0228021 23.7484 
1 -1.74699e-05 3.37487e-06 -2999.8 3.49096e-06 0.00664919 -0.999978 -0.0119167 1.7447e-05 0.999978 0.00664919 -0.00905084 
0.999992 -0.00306574 -0.0026876 -3066.57 -0.00267806 0.00311226 -0.999992 -7.99983 0.00307408 0.99999 0.00310402 22.668 
1 3.43547e-07 -1.04663e-05 -2983.07 -1.0472e-05 0.0328237 -0.999461 0.0178169 1.82771e-10 0.999461 0.0328237 0.0261462 
0.999997 -0.00128616 -0.00217275 -3046.62 -0.00213702 0.0271606 -0.999629 -7.80709 0.00134469 0.99963 0.0271578 24.7318 
1 -1.69021e-05 -9.7401e-06 -2966.47 -8.72695e-06 0.05894 -0.998262 0.0127649 1.74468e-05 0.998262 0.05894 -0.0145292 
0.999998 -4.19143e-05 -0.00190746 -3030.93 -0.00190268 0.0520803 -0.998641 -6.59839 0.000141198 0.998643 0.0520802 24.9729 
1 -1.79651e-05 5.5126e-06 -2951.19 6.98101e-06 0.0827903 -0.996567 0.00757065 1.7447e-05 0.996567 0.0827903 -0.0609234 
0.999992 0.00274616 -0.00293462 -3009.22 -0.00314225 0.0789395 -0.996874 -6.19389 -0.00250592 0.996876 0.0789474 25.3237 
1 -2.24894e-05 4.85845e-05 -2939.27 5.06145e-05 0.101403 -0.994845 0.00770549 1.74469e-05 0.994845 0.101403 -0.0971333 
0.999991 0.0030926 -0.002846 -2995.61 -0.00313663 0.0984444 -0.995138 -5.68118 -0.00279739 0.995138 0.0984532 24.9359 
1 -1.0015e-05 8.66899e-05 -2930.68 8.72665e-05 0.114781 -0.993391 0.0214731 -1.52309e-09 0.993391 0.114781 -0.126907 
0.999995 0.00183744 -0.00242336 -2989.85 -0.00261388 0.111976 -0.993707 -4.95254 -0.00155452 0.993709 0.11198 24.8742 
1 -7.08463e-05 0.000145979 -2925.54 0.000153589 0.12308 -0.992397 -0.0676379 5.23405e-05 0.992397 0.12308 -0.280946 
0.999998 0.00182744 -0.000359585 -2986.72 -0.000579828 0.121988 -0.992531 -6.40255 -0.00176993 0.99253 0.121989 26.2491 
1 -3.51e-05 0.000138052 -2923.63 0.000141372 0.12587 -0.992047 0.0403438 1.74444e-05 0.992047 0.12587 -0.209953 
0.999998 0.00209678 -0.000382377 -2986.24 -0.000638628 0.123609 -0.992331 -6.40907 -0.00203344 0.992329 0.12361 26.1317 
1 -5.30917e-05 0.000141041 -2923.63 0.000146608 0.126025 -0.992027 0.0351954 3.48937e-05 0.992027 0.126025 -0.215674 
0.999998 0.00218259 -0.000358446 -2985.97 -0.000626699 0.124176 -0.99226 -6.35896 -0.00212119 0.992258 0.124177 26.0668 
1 -5.33116e-05 0.000142773 -2923.63 0.000148353 0.126025 -0.992027 0.0502943 3.48937e-05 0.992027 0.126025 -0.215674 
0.999998 0.0022237 -0.000231347 -2986.02 -0.000507343 0.12493 -0.992165 -6.42563 -0.00217738 0.992163 0.124931 26.4023 
1 -5.30917e-05 0.000141041 -2923.63 0.000146608 0.126025 -0.992027 0.0351707 3.48937e-05 0.992027 0.126025 -0.218535 
0.999996 0.0029244 -0.00058958 -2986.32 -0.000948301 0.124225 -0.992254 -6.08016 -0.00282851 0.99225 0.124227 26.9883 
1 -5.35316e-05 0.000144504 -2923.63 0.000150098 0.126025 -0.992027 0.0352201 3.48937e-05 0.992027 0.126025 -0.212813 
0.999997 0.0024914 -0.000503189 -2985.59 -0.000806396 0.12324 -0.992377 -5.86374 -0.00241039 0.992374 0.123242 26.314 
1 -5.37515e-05 0.000146236 -2923.63 0.000151844 0.126025 -0.992027 0.0301174 3.48937e-05 0.992027 0.126025 -0.212813 
0.999997 0.00248529 -0.000288759 -2986.04 -0.000594248 0.123812 -0.992306 -5.98454 -0.00243042 0.992303 0.123813 26.3984 
1 -5.35316e-05 0.000144504 -2923.63 0.000150098 0.126025 -0.992027 0.0301174 3.48937e-05 0.992027 0.126025 -0.212813 
0.999998 0.00203517 7.51646e-05 -2986.64 -0.000179678 0.12493 -0.992166 -6.46328 -0.00202862 0.992164 0.12493 25.9409 
1 -5.30917e-05 0.000141041 -2923.63 0.000146608 0.126025 -0.992027 0.0352448 3.48937e-05 0.992027 0.126025 -0.209952 
0.999996 0.00277998 -0.000262042 -2986.36 -0.000604158 0.123788 -0.992308 -5.97687 -0.00272616 0.992305 0.123789 26.7927 
1 -3.6004e-05 0.000144971 -2923.63 0.000148353 0.126025 -0.992027 0.0352448 1.74468e-05 0.992027 0.126025 -0.209952 
0.999995 0.00308973 -6.75409e-05 -2987.22 -0.000451285 0.124369 -0.992236 -5.71804 -0.00305734 0.992231 0.12437 27.1319 
1 -3.55641e-05 0.000141509 -2923.63 0.000144862 0.126025 -0.992027 0.0403556 1.74468e-05 0.992027 0.126025 -0.157991 
0.999997 0.00257413 0.000164919 -2987.3 -0.000155752 0.12408 -0.992272 -6.11132 -0.0025747 0.992269 0.12408 26.3315 
1 -3.55641e-05 0.000141509 -2923.63 0.000144862 0.126025 -0.992027 0.0252732 1.74468e-05 0.992027 0.126025 -0.156084 
0.999998 0.00200775 -0.000266838 -2985.84 -0.000515315 0.124797 -0.992182 -6.08057 -0.00195875 0.99218 0.124798 25.7978 
1 -3.5784e-05 0.00014324 -2923.63 0.000146608 0.126025 -0.992027 0.0352447 1.74468e-05 0.992027 0.126025 -0.158945 
0.999998 0.00204435 -6.63716e-05 -2985.57 -0.000320276 0.12445 -0.992226 -6.18907 -0.0020202 0.992224 0.12445 25.7223 
1 -3.6004e-05 0.000144971 -2923.63 0.000148353 0.126025 -0.992027 0.0352694 1.74468e-05 0.992027 0.126025 -0.156084 
0.999998 0.00195627 -0.000222178 -2985.04 -0.000463434 0.124204 -0.992257 -6.03109 -0.00191353 0.992255 0.124204 25.8463 
1 -3.5784e-05 0.00014324 -2923.63 0.000146608 0.126025 -0.992027 0.0352694 1.74468e-05 0.992027 0.126025 -0.156084 
0.999998 0.00188837 -0.000425528 -2985.52 -0.00065733 0.124505 -0.992219 -5.91322 -0.0018207 0.992217 0.124506 25.6356 
